param : 	c_inv	c_maint	gwp_constr	lifetime	c_p	fmin_perc	fmax_perc	f_min	f_max := 
SA-BN	NUCLEAR	4845.734619	102.930986	707.88	60	0.843906	0.0	1.0	0.0	0.0
SA-BN	NUCLEAR_SMR	4845.734619	102.930986	707.88	60	0.843906	0.0	1.0	0.0	0.0
SA-BN	CCGT_AMMONIA	1253.082037	18.7961901	183.79	30	0.9615	0.0	1.0	0.0	0.0
SA-BN	COAL_US	2516.71	30.0225445	331.6	35	0.865396	0.0	1.0	0.0	0.0
SA-BN	COAL_IGCC	3245.81	49.47283735	331.6	35	0.853432	0.0	1.0	0.0	0.0
SA-BN	BIOMASS_TO_POWER	1677.0152	69.9431	331.6	35	0.868	0.0	1.0	0.0	0.0
SA-BN	PV_ROOFTOP	737.8867059	9.726688396	2081.43	30	1.0	0.0	1.0	0.0	0.0
SA-BN	PV_UTILITY	1051.13	26.01945647	2081.43	30	1.0	0.00204372	0.007299	3e-05	3.01e-05
SA-BN	PT_COLLECTOR	4504.71429	62.65	0.0	25	1.0	0.0	1.0	0.0	0.0
SA-BN	ST_COLLECTOR	5517.02	63.0	0.0	25	1.0	0.0	1.0	0.0	0.0
SA-BN	PT_POWER_BLOCK	1044.57	62.65	0.0	25	1.0	0.0	1.0	0.0	0.0
SA-BN	ST_POWER_BLOCK	768.19	63.0	0.0	25	1.0	0.0	1.0	0.0	0.0
SA-BN	WIND_ONSHORE	1629.13	24.41867298	622.85	30	1.0	0.0	1.0	0.0	0.0
SA-BN	WIND_OFFSHORE	4974.63	36.31492615	622.85	30	1.0	0.0	1.0	0.0	0.0
SA-BN	HYDRO_DAM	2206.3	22.063	1262.82	100	1.0	0.0	1.0	0.0	0.0
SA-BN	HYDRO_RIVER	2000.264	20.003	1262.82	100	1.0	0.0	1.0	0.0	0.0
SA-BN	TIDAL_STREAM	3752.0	165.0	0.0	20	1.0	0.0	1.0	0.0	0.0
SA-BN	TIDAL_RANGE	2867.0	178.0	0.0	40	1.0	0.0	1.0	0.0	0.0
SA-BN	WAVE	2912.5	97.4107	0.0	25	0.3995	0.0	1.0	0.0	0.0
SA-BN	GEOTHERMAL	3772.171603	94.30429007	24929.09	50	0.914	0.0	1.0	0.0	0.0
SA-BN	GENSET_DIESEL	384.6	5.769001632	516.55	30	1.0	0.27795628	0.992701	0.00279	Infinity
SA-BN	OCGT	941.904649	23.54761623	183.79	30	0.85	0.0	1.0	0.0	0.0
SA-BN	CCGT	1253.082037	18.7961901	183.79	30	0.85	0.0	1.0	0.0	0.0
SA-BN	ST_BIOMASS	1716.964771	39.82614252	165.33	30	0.868	0.0	1.0	0.0	0.0
SA-BN	ST_SNG	982.1038492	14.73155774	1024.32	30	0.868	0.0	1.0	0.0	0.0
SA-BN	CCGT_SUR	1253.082037	18.7961901	183.79	30	0.85	0.0	1.0	0.0	0.0
SA-BN	IND_COGEN_GAS	1528.1	98.22449611	1024.32	25	0.8449	0.0	1.0	0.0	0.0
SA-BN	IND_COGEN_WOOD	1172.95	42.94466341	165.33	25	0.8449	0.0	1.0	0.0	0.0
SA-BN	IND_COGEN_WASTE	3182.91	117.3386515	647.82	25	0.8449	0.0	1.0	0.0	0.0
SA-BN	IND_BOILER_GAS	70.67	1.415862909	12.32	17	0.9443	0.0	1.0	0.0	0.0
SA-BN	IND_BOILER_WOOD	138.22	2.764303774	28.87	17	0.8946	0.0	1.0	0.0	Infinity
SA-BN	IND_BOILER_BIOWASTE	138.22	2.764303774	28.87	17	0.8946	0.0	1.0	0.0	0.0
SA-BN	IND_BOILER_OIL	65.83	1.415862909	12.32	17	0.9443	0.0	1.0	0.0	0.0
SA-BN	IND_BOILER_COAL	138.22	2.764303774	48.18	17	0.8946	0.0	1.0	0.0	0.0
SA-BN	IND_BOILER_WASTE	138.22	2.764303774	28.87	17	0.8946	0.0	1.0	0.0	0.0
SA-BN	IND_DIRECT_ELEC	387.73	1.758903768	1.47	15	0.9443	0.0	1.0	0.0	0.0
SA-BN	DHN_HP_ELEC	395.73	13.41870073	174.79	25	0.9443	0.0	1.0	0.0	0.0
SA-BN	DHN_COGEN_GAS	1361.46	39.80624675	490.88	25	0.8449	0.0	1.0	0.0	0.0
SA-BN	DHN_COGEN_WOOD	1172.95	42.94466341	165.33	25	0.8449	0.0	1.0	0.0	0.0
SA-BN	DHN_COGEN_WASTE	3182.91	117.3386515	647.82	25	0.8449	0.0	1.0	0.0	0.0
SA-BN	DHN_BOILER_GAS	70.67	1.415862909	12.32	17	0.9443	0.0	1.0	0.0	Infinity
SA-BN	DHN_BOILER_WOOD	138.22	2.764303774	28.87	17	0.8946	0.0	1.0	0.0	0.0
SA-BN	DHN_BOILER_OIL	65.83	1.415862909	12.32	17	0.9443	0.0	1.0	0.0	Infinity
SA-BN	DHN_DEEP_GEO	1611.94	60.39529412	808.76	30	0.8449	0.0	1.0	0.0	0.0
SA-BN	DHN_SOLAR	381.37	0.449838889	221.22	30	1.0	0.0	1.0	0.0	0.0
SA-BN	DEC_HP_ELEC	564.78	23.54819613	164.89	18	1.0	0.0	1.0	0.0	0.0
SA-BN	DEC_THHP_GAS	362.35	10.59040315	381.93	20	1.0	0.0	1.0	0.0	0.0
SA-BN	DEC_COGEN_GAS	1528.1	98.22449611	1024.32	20	1.0	0.0	1.0	0.0	0.0
SA-BN	DEC_COGEN_OIL	1416.89	86.93215515	1024.32	20	1.0	0.0	1.0	0.0	0.0
SA-BN	DEC_ADVCOGEN_GAS	9185.33	171.1804817	2193.45	20	1.0	0.0	1.0	0.0	0.0
SA-BN	DEC_ADVCOGEN_H2	9185.33	171.1804817	2193.45	20	1.0	0.0	1.0	0.0	0.0
SA-BN	DEC_BOILER_GAS	190.24	5.708399663	21.09	17	1.0	0.0	1.0	0.0	Infinity
SA-BN	DEC_BOILER_WOOD	554.93	19.41754846	21.09	17	1.0	0.0	1.0	0.0	0.0
SA-BN	DEC_BOILER_OIL	170.86	10.24815058	21.09	17	1.0	0.0	1.0	0.0	0.0
SA-BN	DEC_SOLAR	757.56	8.405281393	221.22	25	1.0	0.0	1.0	0.0	0.0
SA-BN	DEC_DIRECT_ELEC	43.61	0.190627801	1.47	15	1.0	0.0	1.0	0.0	0.0
SA-BN	DEC_ELEC_COLD	528.88	22.1	164.89	20	1.0	0.0	1.0	0.0	0.0
SA-BN	DEC_THHP_GAS_COLD	339.33	9.9	381.93	20	1.0	0.0	1.0	0.0	0.0
SA-BN	IND_ELEC_COLD	664.97	5.4	174.79	20	0.95	0.0	1.0	0.0	0.0
SA-BN	TRAMWAY_TROLLEY	625.0	12.5	0.0	30	0.342465753	0.0	1.0	0.0	0.0
SA-BN	BUS_COACH_DIESEL	0.0	0.0	0.0	15	0.483722222	0.0	1.0	0.0	0.0
SA-BN	BUS_COACH_HYDIESEL	822.56	33.33333333	0.0	15	0.483722222	0.0	1.0	0.0	0.0
SA-BN	BUS_COACH_CNG_STOICH	0.0	0.0	0.0	15	0.483722222	0.0	1.0	0.0	0.0
SA-BN	BUS_COACH_FC_HYBRIDH2	1114.04	31.25	0.0	15	0.483722222	0.0	1.0	0.0	0.0
SA-BN	TRAIN_PUB	1506.02	54.35274934	0.0	40	0.275072894	0.0	1.0	0.0	0.0
SA-BN	PLANE_SHORT_HAUL	1456.05	39.82	0.0	35	0.4999	0.0	1.0	0.0	0.0
SA-BN	PLANE_H2_SHORT_HAUL	1639.69	44.84	0.0	35	0.4999	0.0	1.0	0.0	0.0
SA-BN	PLANE_LONG_HAUL	1343.77	36.75	0.0	35	0.5374	0.0	1.0	0.0	0.0
SA-BN	CAR_GASOLINE	0.0	0.0	0.0	10	0.1343125	0.0	1.0	0.0	0.0
SA-BN	CAR_DIESEL	0.0	0.0	0.0	10	0.1343125	0.0	1.0	0.0	0.0
SA-BN	CAR_NG	0.0	0.0	0.0	10	0.1343125	0.0	1.0	0.0	0.0
SA-BN	CAR_METHANOL	0.0	0.0	0.0	10	0.1343125	0.0	1.0	0.0	0.0
SA-BN	CAR_HEV	423.86	34.0	0.0	10	0.1343125	0.0	1.0	0.0	0.0
SA-BN	CAR_PHEV	473.46	34.0	0.0	10	0.1343125	0.0	1.0	0.0	0.0
SA-BN	CAR_BEV	380.3142753	7.606285505	0.0	10	0.1343125	0.0	1.0	0.0	0.0
SA-BN	CAR_FUEL_CELL	1500.1072	14.124	0.0	10	0.1343125	0.0	1.0	0.0	0.0
SA-BN	TRAIN_FREIGHT	104.42	2.088311688	0.0	40	0.342465753	0.0	1.0	0.0	0.0
SA-BN	BOAT_FREIGHT_DIESEL	72.24	3.819444444	0.0	40	0.114155251	0.0	1.0	0.0	Infinity
SA-BN	BOAT_FREIGHT_NG	73.13	3.819444444	0.0	40	0.114155251	0.0	1.0	0.0	0.0
SA-BN	BOAT_FREIGHT_METHANOL	0.0	0.0	0.0	40	0.114155251	0.0	1.0	0.0	0.0
SA-BN	CARGO_LFO	0.0	0.0	0.0	40	0.739666854	0.0	1.0	0.0	0.0
SA-BN	CARGO_LNG	0.0	0.0	0.0	40	0.739666854	0.0	1.0	0.0	0.0
SA-BN	CARGO_METHANOL	0.0	0.0	0.0	40	0.739666854	0.0	1.0	0.0	0.0
SA-BN	CARGO_AMMONIA	0.0	0.0	0.0	40	0.739666854	0.0	1.0	0.0	0.0
SA-BN	CARGO_FUELCELL_LH2	0.0	0.0	0.0	40	0.739666854	0.0	1.0	0.0	0.0
SA-BN	CARGO_FUELCELL_AMMONIA	0.0	0.0	0.0	40	0.739666854	0.0	1.0	0.0	0.0
SA-BN	CARGO_RETRO_METHANOL	0.0	0.0	0.0	40	0.739666854	0.0	1.0	0.0	0.0
SA-BN	CARGO_RETRO_AMMONIA	0.0	0.0	0.0	40	0.739666854	0.0	1.0	0.0	0.0
SA-BN	TRUCK_DIESEL	0.0	0.0	0.0	15	0.01805556	0.0	1.0	0.0	0.0
SA-BN	TRUCK_METHANOL	0.0	0.0	0.0	15	0.01805556	0.0	1.0	0.0	0.0
SA-BN	TRUCK_FUEL_CELL	430.17	12.06666667	0.0	15	0.01805556	0.0	1.0	0.0	0.0
SA-BN	TRUCK_ELEC	878.38	23.13333333	0.0	15	0.01805556	0.0	1.0	0.0	0.0
SA-BN	TRUCK_NG	355.28	18.55555556	0.0	15	0.01805556	0.0	1.0	0.0	0.0
SA-BN	EFFICIENCY	0.0	0.0	0.0	1	1.0	0.0	1.0	0.0	Infinity
SA-BN	DHN	825.88	0.0	0.0	60	1.0	0.0	1.0	0.0	0.0
SA-BN	GRID	810.19	0.0	0.0	80	1.0	0.0	1.0	0.0	Infinity
SA-BN	HVAC_LINE	2.0	0.04	0.0	40	1.0	0.0	1.0	0.0	Infinity
SA-BN	HVDC_SUBSEA	3.24	0.06	0.0	40	1.0	0.0	1.0	0.0	0.0
SA-BN	GAS_PIPELINE	0.134	0.001	0.0	55	1.0	0.0	1.0	0.0	Infinity
SA-BN	GAS_SUBSEA	0.208	0.002	0.0	55	1.0	0.0	1.0	0.0	0.0
SA-BN	H2_RETROFITTED	0.355973417	0.005	0.0	40	1.0	0.0	1.0	0.0	0.0
SA-BN	H2_NEW	0.452	0.005	0.0	40	1.0	0.0	1.0	0.0	0.0
SA-BN	H2_SUBSEA_RETRO	0.533066683	0.007	0.0	40	1.0	0.0	1.0	0.0	0.0
SA-BN	H2_SUBSEA_NEW	0.726	0.007	0.0	40	1.0	0.0	1.0	0.0	0.0
SA-BN	H2_ELECTROLYSIS	2784.81	76.58227848	0.0	15	0.8946	0.0	1.0	0.0	0.0
SA-BN	H2_NG	775.33	71.54781261	0.0	25	0.85484	0.0	1.0	0.0	0.0
SA-BN	H2_BIOMASS	4798.23	338.0304591	0.0	25	0.85484	0.0	1.0	0.0	0.0
SA-BN	BIOMASS_TO_METHANE	3082.8512	173.8128468	0.0	25	0.85	0.0	1.0	0.0	0.0
SA-BN	BIOWASTE_TO_METHANE	3082.8512	173.8128468	0.0	25	0.85	0.0	1.0	0.0	0.0
SA-BN	SYN_METHANATION	349.6	89.32368421	0.0	40	1.0	0.0	1.0	0.0	0.0
SA-BN	BIOMETHANATION_WET_BIOMASS	1122.22	15.54545455	0.0	20	0.8449	0.0	1.0	0.0	0.0
SA-BN	BIOMETHANATION_BIOWASTE	1122.22	15.54545455	0.0	20	0.8449	0.0	1.0	0.0	0.0
SA-BN	BIOMASS_TO_JET_FUEL	6046.9153	166.9735	0.0	25	0.91	0.0	1.0	0.0	0.0
SA-BN	BIOMASS_TO_LFO	6046.9153	166.9735	0.0	25	0.91	0.0	1.0	0.0	0.0
SA-BN	BIOWASTE_TO_JET_FUEL	6046.9153	250.46025	0.0	25	0.91	0.0	1.0	0.0	0.0
SA-BN	BIOWASTE_TO_LFO	6046.9153	250.46025	0.0	25	0.91	0.0	1.0	0.0	0.0
SA-BN	DIESEL_TO_JET_FUEL	0.0	0.0	0.0	25	1.0	0.0	1.0	0.0	0.0
SA-BN	ATM_CCS	5342.73	132.624	0.0	40	1.0	0.0	1.0	0.0	0.0
SA-BN	INDUSTRY_CCS	2671.37	66.312	0.0	40	1.0	0.0	1.0	0.0	0.0
SA-BN	SYN_METHANOLATION	0.0	0.0	0.0	20	0.9443	0.0	1.0	0.0	0.0
SA-BN	METHANE_TO_METHANOL	0.0	0.0	0.0	25	0.8449	0.0	1.0	0.0	0.0
SA-BN	BIOMASS_TO_METHANOL	0.0	0.0	0.0	20	0.994	0.0	1.0	0.0	0.0
SA-BN	BIOWASTE_TO_METHANOL	0.0	94.248	0.0	20	1.0	0.0	1.0	0.0	0.0
SA-BN	HABER_BOSCH	0.0	0.0	0.0	20	0.994	0.0	1.0	0.0	0.0
SA-BN	POWER_TO_JET_FUEL	3804.508764	288.1851693	0.0	25	0.91	0.0	1.0	0.0	0.0
SA-BN	POWER_TO_LFO	3804.508764	288.1851693	0.0	25	0.91	0.0	1.0	0.0	0.0
SA-BN	H2_TO_JET_FUEL	2445.720694	149.5353034	0.0	25	0.91	0.0	1.0	0.0	0.0
SA-BN	H2_TO_LFO	2445.720694	149.5353034	0.0	25	0.91	0.0	1.0	0.0	0.0
SA-BN	AMMONIA_TO_H2	0.0	0.0	0.0	25	0.994	0.0	1.0	0.0	0.0
SA-BN	OIL_TO_HVC	449.55	2.390016639	0.0	15	0.994	0.0	1.0	0.0	Infinity
SA-BN	GAS_TO_HVC	907.75	22.69375242	0.0	25	0.994	0.0	1.0	0.0	0.0
SA-BN	BIOMASS_TO_HVC	3311.7	98.8	0.0	20	0.994	0.0	1.0	0.0	0.0
SA-BN	METHANOL_TO_HVC	0.0	0.0	0.0	20	1.0	0.0	1.0	0.0	0.0
SA-BN	BATT_LI	501.3	0.775025166	61.3	15	1.0	0.0	1.0	0.0	0.0
SA-BN	CAES	38.938	3.1799	0.0	50	1.0	0.0	1.0	0.0	0.0
SA-BN	BEV_BATT	0.0	0.0	0.0	1	1.0	0.0	1.0	0.0	0.0
SA-BN	PHEV_BATT	0.0	0.0	0.0	1	1.0	0.0	1.0	0.0	0.0
SA-BN	DAM_STORAGE	0.0	0.0	0.0	100	1.0	0.0	1.0	0.0	0.0
SA-BN	PHS	58.8	0.0	8.33	50	1.0	0.0	1.0	0.0	0.0
SA-BN	TS_DEC_DIRECT_ELEC	0.0	0.0	0.0	20	1.0	0.0	1.0	0.0	0.0
SA-BN	TS_DEC_HP_ELEC	0.0	0.0	0.0	20	1.0	0.0	1.0	0.0	0.0
SA-BN	TS_DEC_THHP_GAS	0.0	0.0	0.0	20	1.0	0.0	1.0	0.0	0.0
SA-BN	TS_DEC_COGEN_GAS	0.0	0.0	0.0	20	1.0	0.0	1.0	0.0	0.0
SA-BN	TS_DEC_COGEN_OIL	0.0	0.0	0.0	20	1.0	0.0	1.0	0.0	0.0
SA-BN	TS_DEC_ADVCOGEN_GAS	0.0	0.0	0.0	20	1.0	0.0	1.0	0.0	0.0
SA-BN	TS_DEC_ADVCOGEN_H2	0.0	0.0	0.0	20	1.0	0.0	1.0	0.0	0.0
SA-BN	TS_DEC_BOILER_GAS	0.0	0.0	0.0	20	1.0	0.0	1.0	0.0	0.0
SA-BN	TS_DEC_BOILER_WOOD	0.0	0.0	0.0	20	1.0	0.0	1.0	0.0	0.0
SA-BN	TS_DEC_BOILER_OIL	0.0	0.0	0.0	20	1.0	0.0	1.0	0.0	0.0
SA-BN	TS_DHN_DAILY	0.0	0.0	0.0	40	1.0	0.0	1.0	0.0	0.0
SA-BN	TS_DHN_SEASONAL	0.0	0.0	0.0	25	1.0	0.0	1.0	0.0	0.0
SA-BN	TS_HIGH_TEMP	0.0	0.0	0.0	25	1.0	0.0	1.0	0.0	0.0
SA-BN	GAS_STORAGE	0.0	0.0	0.0	50	1.0	0.0	1.0	0.0	0.0
SA-BN	H2_STORAGE	6.19	0.39	0.0	20	1.0	0.0	1.0	0.0	0.0
SA-BN	DIESEL_STORAGE	0.01	0.000397	0.0	20	1.0	0.0	1.0	0.0	0.0
SA-BN	JET_FUEL_STORAGE	0.01	0.000397	0.0	20	1.0	0.0	1.0	0.0	0.0
SA-BN	GASOLINE_STORAGE	0.01	0.000397	0.0	20	1.0	0.0	1.0	0.0	0.0
SA-BN	LFO_STORAGE	0.01	0.000397	0.0	20	1.0	0.0	1.0	0.0	0.0
SA-BN	AMMONIA_STORAGE	0.0	0.0	0.0	20	1.0	0.0	1.0	0.0	0.0
SA-BN	METHANOL_STORAGE	0.0	0.0	0.0	20	1.0	0.0	1.0	0.0	0.0
SA-BN	PT_STORAGE	36.9568	0.3695	0.0	25	1.0	0.0	1.0	0.0	0.0
SA-BN	ST_STORAGE	19.099	0.1909	0.0	25	1.0	0.0	1.0	0.0	0.0
SA-BN	TS_COLD	0.0	0.0	0.0	20	1.0	0.0	1.0	0.0	0.0
SA-BN	CO2_STORAGE	49.5	0.495	0.0	30	1.0	0.0	1.0	0.0	0.0
SA-BN	STOVE_WOOD	53.65514911	1.60965447	75.0	10	0.1875	0.0	1.0	0.00160558	Infinity
SA-BN	STOVE_LPG	52.20521443	1.33859524	75.0	10	0.1875	0.0	1.0	6.69e-05	6.7e-05
SA-BN	STOVE_NG	70.48592219	1.80733134	75.0	10	0.1875	0.0	1.0	1.94e-06	2.04e-06
SA-BN	STOVE_OIL	17.37818595	0.52134558	75.0	10	0.1875	0.0	1.0	0.0	0.0
SA-BN	STOVE_ELEC	20.60357726	0.51508943	75.0	10	0.1875	0.0	1.0	0.0	0.0
SA-BN	PLANE	1456.05	39.82	0.0	35	0.114155251	0.0	1.0	0.0	0.0
SA-BN	FERMENTATION_TO_BIOETHANOL	2554.01	116.0842435	0.0	25	0.92	0.0	1.0	0.0	0.0
SA-BN	ESTERIFICATION_TO_BIODIESEL	2554.01	116.0842435	0.0	25	0.8449	0.0	1.0	0.0	0.0
SA-BN	IND_BOILER_DIESEL	171.6964771	4.29241193	516.55	25	0.9	0.0	1.0	0.0	0.0
SA-BN	IND_BOILER_LPG	70.67	1.415862909	12.32	17	0.9443	0.0	1.0	0.0	0.0
SA-BN	LPG_STORAGE	0.01	0.000397	0.0	20	1.0	0.0	1.0	0.0	0.0
SA-BN	LNG_STORAGE	0.01	0.000397	0.0	20	1.0	0.0	1.0	0.4279	0.428
SA-BN	CAR_FG_PRIVATE	315.1175424	18.90705254	0.0	10	0.1343125	0.0	1.0	0.0	0.0
SA-BN	BUS_FG_PRIVATE	220.8150238	11.04075119	0.0	15	0.48372222	0.0	1.0	0.0	0.0
SA-BN	PICKUP_TRUCK_FG_PRIVATE	543.3648433	32.6018906	0.0	10	0.1343125	0.0	1.0	0.0	0.0
SA-BN	SUV_FG_PRIVATE	478.6379968	28.71827981	0.0	10	0.1343125	0.0	1.0	0.0	0.0
SA-BN	MOTORCYCLE_FG_PRIVATE	43.78260167	2.6269561	0.0	10	0.01989583	0.0	1.0	0.0	0.0
SA-BN	CAR_FG_PUBLIC	315.1175424	18.90705254	0.0	10	0.1343125	0.0	1.0	0.0	0.0
SA-BN	BUS_FG_PUBLIC	220.8150238	11.04075119	0.0	15	0.48372222	0.0	1.0	0.0	0.0
SA-BN	PICKUP_TRUCK_FG_PUBLIC	543.3648433	32.6018906	0.0	10	0.1343125	0.0	1.0	0.0	0.0
SA-BN	SUV_FG_PUBLIC	478.6379968	28.71827981	0.0	10	0.1343125	0.0	1.0	0.0	0.0
SA-BN	MOTORCYCLE_FG_PUBLIC	43.78260167	2.6269561	0.0	10	0.01989583	0.0	1.0	0.0	0.0
SA-BN	CAR_GASOLINE_PRIVATE	301.4908378	18.08945027	0.0	10	0.1343125	0.0	1.0	0.0	0.0
SA-BN	BUS_GASOLINE_PRIVATE	209.8512498	10.49256249	0.0	15	0.48372222	0.0	1.0	0.0	0.0
SA-BN	PICKUP_TRUCK_GASOLINE_PRIVATE	529.7381388	31.78428833	0.0	10	0.1343125	0.0	1.0	0.0	0.0
SA-BN	SUV_GASOLINE_PRIVATE	465.0112923	27.90067754	0.0	10	0.1343125	0.0	1.0	0.0	0.0
SA-BN	MOTORCYCLE_GASOLINE_PRIVATE	26.61295396	1.59677724	0.0	10	0.01989583	0.0	1.0	0.0	0.0
SA-BN	CAR_GASOLINE_PUBLIC	301.4908378	18.08945027	0.0	10	0.1343125	0.0	1.0	0.0	0.0
SA-BN	BUS_GASOLINE_PUBLIC	209.8512498	10.49256249	0.0	15	0.48372222	0.0	1.0	0.0	0.0
SA-BN	PICKUP_TRUCK_GASOLINE_PUBLIC	529.7381388	31.78428833	0.0	10	0.1343125	0.0	1.0	0.0	0.0
SA-BN	SUV_GASOLINE_PUBLIC	465.0112923	27.90067754	0.0	10	0.1343125	0.0	1.0	0.0	0.0
SA-BN	MOTORCYCLE_GASOLINE_PUBLIC	26.61295396	1.59677724	0.0	10	0.01989583	0.0	1.0	0.0	0.0
SA-BN	CAR_DIESEL_PRIVATE	301.4908378	18.08945027	0.0	10	0.1343125	0.0	1.0	0.0	0.0
SA-BN	BUS_DIESEL_PRIVATE	209.8512498	10.49256249	0.0	15	0.48372222	0.0	1.0	0.0	0.0
SA-BN	PICKUP_TRUCK_DIESEL_PRIVATE	529.7381388	31.78428833	0.0	10	0.1343125	0.0	1.0	0.0	0.0
SA-BN	SUV_DIESEL_PRIVATE	465.0112923	27.90067754	0.0	10	0.1343125	0.0	1.0	0.0	0.0
SA-BN	MOTORCYCLE_DIESEL_PRIVATE	26.61295396	1.59677724	0.0	10	0.01989583	0.0	1.0	0.0	0.0
SA-BN	CAR_DIESEL_PUBLIC	301.4908378	18.08945027	0.0	10	0.1343125	0.0	1.0	0.0	0.0
SA-BN	BUS_DIESEL_PUBLIC	209.8512498	10.49256249	0.0	15	0.48372222	0.0	1.0	0.0	0.0
SA-BN	PICKUP_TRUCK_DIESEL_PUBLIC	529.7381388	31.78428833	0.0	10	0.1343125	0.0	1.0	0.0	0.0
SA-BN	SUV_DIESEL_PUBLIC	465.0112923	27.90067754	0.0	10	0.1343125	0.0	1.0	0.0	0.0
SA-BN	MOTORCYCLE_DIESEL_PUBLIC	26.61295396	1.59677724	0.0	10	0.01989583	0.0	1.0	0.0	0.0
SA-BN	TRUCK_FG	250.4310952	12.52155476	0.0	15	0.01805556	0.0	1.0	0.0	0.0
SA-BN	VAN_FG	532.9439084	31.9766345	0.0	10	0.0203125	0.0	1.0	0.0	0.0
SA-BN	CARGO_MOTORCYCLE_FG	85.41899738	5.12513984	0.0	10	0.01075	0.0	1.0	0.0	0.0
SA-BN	TRUCK_GASOLINE	245.90751	12.2953755	0.0	15	0.01805556	0.0	1.0	0.0	Infinity
SA-BN	VAN_GASOLINE	513.3773583	30.8026415	0.0	10	0.0203125	0.0	1.0	0.0	0.0
SA-BN	CARGO_MOTORCYCLE_GASOLINE	51.07970195	3.06478212	0.0	10	0.01075	0.0	1.0	0.0	0.0
SA-BN	TRUCK_DIESEL_P	245.90751	12.2953755	0.0	15	0.01805556	0.0	1.0	0.0	Infinity
SA-BN	VAN_DIESEL	513.3773583	30.8026415	0.0	10	0.0203125	0.0	1.0	0.0	0.0
SA-BN	CARGO_MOTORCYCLE_DIESEL	51.07970195	3.06478212	0.0	10	0.01075	0.0	1.0	0.0	0.0
SA-BN	CONVENTIONAL_BULB	0.1444041	0.0	0.0	5	1.0	0.220602273	0.787865261	0.0	Infinity
SA-BN	LED_BULB	0.60161002	0.0	0.0	10	1.0	0.059397727	0.212134739	0.0	Infinity
SA-BN	CONVENTIONAL_LIGHT	1598.242939	1559.087767	0.0	5	1.0	0.0	1.0	0.0	Infinity
SA-BN	LED_LIGHT	2187.69928	431.5978112	0.0	10	1.0	0.0	1.0	0.0	0.0
SA-BN	REFRIGERATOR_EL	5.96e-05	0.0	0.0	15	1.0	0.0	1.0	0.0	0.0
SA-BN	COMM_MACHINERY_DIESEL	0.08519203	0.00127788	0.0	25	1.0	0.0	1.0	0.0	0.0
SA-BN	COMM_MACHINERY_EL	0.06278883	0.00094183	0.0	12	1.0	0.0	1.0	0.0	0.0
SA-BN	IND_MACHINERY_EL	0.06278883	0.00094183	0.0	17	1.0	0.0	1.0	0.0	0.0
SA-BN	TRACTOR_DIESEL	0.321277296	0.01606386	0.0	15	1.0	0.0	1.0	0.0	0.0
SA-BN	AGR_MACHINERY_DIESEL	0.14693009	0.00220395	0.0	25	1.0	0.0	1.0	0.0	0.0
SA-BN	AGR_MACHINERY_EL	0.19650578	0.00294759	0.0	12	1.0	0.0	1.0	0.0	0.0
SA-BN	MIN_MACHINERY_DIESEL	0.08519203	0.00127788	0.0	25	1.0	0.0	1.0	0.0	0.0
SA-BN	MIN_MACHINERY_EL	0.06278883	0.00094183	0.0	17	1.0	0.0	1.0	0.0	0.0
SA-BN	FISH_MACHINERY_DIESEL	0.08519203	0.00127788	0.0	25	1.0	0.0	1.0	0.0	0.0
SA-BN	FISH_MACHINERY_EL	0.06278883	0.00094183	0.0	12	1.0	0.0	1.0	0.0	0.0
SA-BN	TRACTOR_EL	1.34690901	0.06734545	0.0	15	1.0	0.0	1.0	0.0	0.0
SA-BN	BUS_ELEC_PUBLIC	438.779886	8.77559772	0.0	15	0.48372222	0.0	1.0	0.0	0.0
SA-BN	BUS_ELEC_PRIVATE	438.779886	8.77559772	0.0	15	0.48372222	0.0	1.0	0.0	0.0
SA-BN	PICKUP_TRUCK_ELEC_PUBLIC	0.0	0.0	0.0	10	0.0	0.0	1.0	0.0	0.0
SA-BN	PICKUP_TRUCK_ELEC_PRIVATE	0.0	0.0	0.0	10	0.0	0.0	1.0	0.0	0.0
SA-BN	SUV_ELEC_PUBLIC	613.66	10.0	0.0	10	0.1343125	0.0	1.0	0.0	0.0
SA-BN	SUV_ELEC_PRIVATE	613.66	10.0	0.0	10	0.1343125	0.0	1.0	0.0	0.0
SA-BN	MOTORCYCLE_ELEC_PUBLIC	64.48039933	1.28960799	0.0	10	0.01989583	0.0	1.0	0.0	0.0
SA-BN	MOTORCYCLE_ELEC_PRIVATE	64.48039933	1.28960799	0.0	10	0.01989583	0.0	1.0	0.0	0.0
SA-BN	VAN_ELEC	0.0	0.0	0.0	10	0.0	0.0	1.0	0.0	0.0
SA-BN	CARGO_MOTORCYCLE_ELEC	229.6440382	4.59288076	0.0	10	0.0203125	0.0	1.0	0.0	0.0
SA-BN	TRAIN_FREIGHT_ELEC	104.42	2.088311688	0.0	40	0.342465753	0.0	1.0	0.0	0.0
SA-BN	BOAT_FREIGHT_ELEC	216.72	0.381944444	0.0	40	0.114155251	0.0	1.0	0.0	0.0
SA-BN	FUEL_CELL	984.64	29.5392	0.0	20	1.0	0.0	1.0	0.0	0.0
SA-BN	ETHANOL_TO_FUELS	947.1675259	38.4949953	0.0	25	0.95	0.0	1.0	0.0	0.0
SA-BN	BIO_HYDROLYSIS	1811.76	123.526815	0.0	15	0.8449	0.0	1.0	0.0	0.0
SA-BN	PYROLYSIS_TO_FUELS	2593.5	72.2	0.0	25	0.8449	0.0	1.0	0.0	0.0
SA-BN	PYROLYSIS_TO_LFO	2554.01	116.0842435	0.0	25	0.8449	0.0	1.0	0.0	0.0
SA-BN	FB_ST_BIOMASS	2192.345897	43.84691793	165.33	30	0.409994599	0.0	1.0	0.0	0.0
SA-BN	CFB_ST_BIOMASS	1865.171828	37.30343656	165.33	30	0.409994599	0.0	1.0	0.0	0.0
SA-BN	BFB_ST_BIOMASS	1865.171828	37.30343656	165.33	30	0.409994599	0.0	1.0	0.0	0.0
SA-BN	REGASIFICATION	2895.92	57.91836098	0.0	25	1.0	0.0	1.0	8.22e-05	8.23e-05
SA-BN	LIQUEFACTION	1075.899182	21.51798364	0.0	25	1.0	0.0	1.0	0.0	0.0
SA-BN	DIESEL_PIPELINE	0.134	0.001	0.0	55	1.0	0.0	1.0	0.0	Infinity
SA-BN	GASOLINE_PIPELINE	0.134	0.001	0.0	55	1.0	0.0	1.0	0.0	Infinity
SA-BN	LPG_PIPELINE	0.134	0.001	0.0	55	1.0	0.0	1.0	0.0	Infinity
SA-BN	LFO_PIPELINE	0.134	0.001	0.0	55	1.0	0.0	1.0	0.0	Infinity
SA-BN	JET_FUEL_PIPELINE	0.134	0.001	0.0	55	1.0	0.0	1.0	0.0	Infinity
SA-BN	SUV_ELEC_PRIVATE_BATT	0.0	0.0	0.0	1	1.0	0.0	1.0	0.0	0.0
SA-BN	MOTORCYCLE_ELEC_PRIVATE_BATT	0.0	0.0	0.0	1	1.0	0.0	1.0	0.0	0.0
SA-BN	BUS_ELEC_PUBLIC_BATT	0.0	0.0	0.0	1	1.0	0.0	1.0	0.0	0.0
SA-PA	NUCLEAR	4845.734619	102.930986	707.88	60	0.843906	0.0	1.0	0.0	0.0
SA-PA	NUCLEAR_SMR	4845.734619	102.930986	707.88	60	0.843906	0.0	1.0	0.0	0.0
SA-PA	CCGT_AMMONIA	1253.082037	18.7961901	183.79	30	0.9615	0.0	1.0	0.0	0.0
SA-PA	COAL_US	2516.71	30.0225445	331.6	35	0.865396	0.0	1.0	0.0	0.0
SA-PA	COAL_IGCC	3245.81	49.47283735	331.6	35	0.853432	0.0	1.0	0.0	0.0
SA-PA	BIOMASS_TO_POWER	1677.0152	69.9431	331.6	35	0.868	0.0	1.0	0.0	0.0
SA-PA	PV_ROOFTOP	737.8867059	9.726688396	2081.43	30	1.0	0.0	1.0	0.0	0.0
SA-PA	PV_UTILITY	1051.13	26.01945647	2081.43	30	1.0	0.00761908	0.027211	0.00519	0.005191
SA-PA	PT_COLLECTOR	4504.71429	62.65	0.0	25	1.0	0.0	1.0	0.0	0.0
SA-PA	ST_COLLECTOR	5517.02	63.0	0.0	25	1.0	0.0	1.0	0.0	0.0
SA-PA	PT_POWER_BLOCK	1044.57	62.65	0.0	25	1.0	0.0	1.0	0.0	0.0
SA-PA	ST_POWER_BLOCK	768.19	63.0	0.0	25	1.0	0.0	1.0	0.0	0.0
SA-PA	WIND_ONSHORE	1629.13	24.41867298	622.85	30	1.0	0.0	1.0	0.0	0.0
SA-PA	WIND_OFFSHORE	4974.63	36.31492615	622.85	30	1.0	0.0	1.0	0.0	0.0
SA-PA	HYDRO_DAM	2206.3	22.063	1262.82	100	1.0	0.0	1.0	0.0	0.0
SA-PA	HYDRO_RIVER	2000.264	20.003	1262.82	100	1.0	0.0	1.0	0.0	0.0
SA-PA	TIDAL_STREAM	3752.0	165.0	0.0	20	1.0	0.0	1.0	0.0	0.0
SA-PA	TIDAL_RANGE	2867.0	178.0	0.0	40	1.0	0.0	1.0	0.0	0.0
SA-PA	WAVE	2912.5	97.4107	0.0	25	0.3995	0.0	1.0	0.0	0.0
SA-PA	GEOTHERMAL	3772.171603	94.30429007	24929.09	50	0.914	0.0	1.0	0.0	0.0
SA-PA	GENSET_DIESEL	384.6	5.769001632	516.55	30	1.0	0.27238092	0.972789	0.05859	Infinity
SA-PA	OCGT	941.904649	23.54761623	183.79	30	0.85	0.0	1.0	0.0	0.0
SA-PA	CCGT	1253.082037	18.7961901	183.79	30	0.85	0.0	1.0	0.0	0.0
SA-PA	ST_BIOMASS	1716.964771	39.82614252	165.33	30	0.868	0.0	1.0	0.0	0.0
SA-PA	ST_SNG	982.1038492	14.73155774	1024.32	30	0.0	0.0	1.0	0.001	0.001
SA-PA	CCGT_SUR	1253.082037	18.7961901	183.79	30	0.85	0.0	1.0	0.0	0.0
SA-PA	IND_COGEN_GAS	1528.1	98.22449611	1024.32	25	0.8449	0.0	1.0	0.0	0.0
SA-PA	IND_COGEN_WOOD	1172.95	42.94466341	165.33	25	0.8449	0.0	1.0	0.0	0.0
SA-PA	IND_COGEN_WASTE	3182.91	117.3386515	647.82	25	0.8449	0.0	1.0	0.0	0.0
SA-PA	IND_BOILER_GAS	70.67	1.415862909	12.32	17	0.9443	0.0	1.0	0.0	0.0
SA-PA	IND_BOILER_WOOD	138.22	2.764303774	28.87	17	0.8946	0.273955186	0.978411377	0.0	Infinity
SA-PA	IND_BOILER_BIOWASTE	138.22	2.764303774	28.87	17	0.8946	0.0	1.0	0.0	0.0
SA-PA	IND_BOILER_OIL	65.83	1.415862909	12.32	17	0.9443	0.003770359	0.013465569	0.0	Infinity
SA-PA	IND_BOILER_COAL	138.22	2.764303774	48.18	17	0.8946	0.0	1.0	0.0	0.0
SA-PA	IND_BOILER_WASTE	138.22	2.764303774	28.87	17	0.8946	0.0	1.0	0.0	0.0
SA-PA	IND_DIRECT_ELEC	387.73	1.758903768	1.47	15	0.9443	0.0	1.0	0.0	0.0
SA-PA	DHN_HP_ELEC	395.73	13.41870073	174.79	25	0.9443	0.0	1.0	0.0	0.0
SA-PA	DHN_COGEN_GAS	1361.46	39.80624675	490.88	25	0.8449	0.0	1.0	0.0	0.0
SA-PA	DHN_COGEN_WOOD	1172.95	42.94466341	165.33	25	0.8449	0.0	1.0	0.0	0.0
SA-PA	DHN_COGEN_WASTE	3182.91	117.3386515	647.82	25	0.8449	0.0	1.0	0.0	0.0
SA-PA	DHN_BOILER_GAS	70.67	1.415862909	12.32	17	0.9443	0.0	1.0	0.0	0.0
SA-PA	DHN_BOILER_WOOD	138.22	2.764303774	28.87	17	0.8946	0.0	1.0	0.0	0.0
SA-PA	DHN_BOILER_OIL	65.83	1.415862909	12.32	17	0.9443	0.0	1.0	0.0	0.0
SA-PA	DHN_DEEP_GEO	1611.94	60.39529412	808.76	30	0.8449	0.0	1.0	0.0	0.0
SA-PA	DHN_SOLAR	381.37	0.449838889	221.22	30	1.0	0.0	1.0	0.0	0.0
SA-PA	DEC_HP_ELEC	564.78	23.54819613	164.89	18	1.0	0.0	1.0	0.0	0.0
SA-PA	DEC_THHP_GAS	362.35	10.59040315	381.93	20	1.0	0.0	1.0	0.0	0.0
SA-PA	DEC_COGEN_GAS	1528.1	98.22449611	1024.32	20	1.0	0.0	1.0	0.0	0.0
SA-PA	DEC_COGEN_OIL	1416.89	86.93215515	1024.32	20	1.0	0.0	1.0	0.0	0.0
SA-PA	DEC_ADVCOGEN_GAS	9185.33	171.1804817	2193.45	20	1.0	0.0	1.0	0.0	0.0
SA-PA	DEC_ADVCOGEN_H2	9185.33	171.1804817	2193.45	20	1.0	0.0	1.0	0.0	0.0
SA-PA	DEC_BOILER_GAS	190.24	5.708399663	21.09	17	1.0	0.007	0.025	0.0	Infinity
SA-PA	DEC_BOILER_WOOD	554.93	19.41754846	21.09	17	1.0	0.0	1.0	0.0	0.0
SA-PA	DEC_BOILER_OIL	170.86	10.24815058	21.09	17	1.0	0.0	1.0	0.0	0.0
SA-PA	DEC_SOLAR	757.56	8.405281393	221.22	25	1.0	0.0	1.0	0.0	0.0
SA-PA	DEC_DIRECT_ELEC	43.61	0.190627801	1.47	15	1.0	0.273	0.975	0.0	Infinity
SA-PA	DEC_ELEC_COLD	528.88	22.1	164.89	20	1.0	0.0	1.0	0.0	Infinity
SA-PA	DEC_THHP_GAS_COLD	339.33	9.9	381.93	20	1.0	0.0	1.0	0.0	0.0
SA-PA	IND_ELEC_COLD	664.97	5.4	174.79	20	0.95	0.0	1.0	0.0	Infinity
SA-PA	TRAMWAY_TROLLEY	625.0	12.5	0.0	30	0.342465753	0.0	1.0	0.0	0.0
SA-PA	BUS_COACH_DIESEL	0.0	0.0	0.0	15	0.483722222	0.0	1.0	0.0	0.0
SA-PA	BUS_COACH_HYDIESEL	822.56	33.33333333	0.0	15	0.483722222	0.0	1.0	0.0	0.0
SA-PA	BUS_COACH_CNG_STOICH	0.0	0.0	0.0	15	0.483722222	0.0	1.0	0.0	0.0
SA-PA	BUS_COACH_FC_HYBRIDH2	1114.04	31.25	0.0	15	0.483722222	0.0	1.0	0.0	0.0
SA-PA	TRAIN_PUB	1506.02	54.35274934	0.0	40	0.275072894	0.0	1.0	0.0	0.0
SA-PA	PLANE_SHORT_HAUL	1456.05	39.82	0.0	35	0.4999	0.0	1.0	0.0	0.0
SA-PA	PLANE_H2_SHORT_HAUL	1639.69	44.84	0.0	35	0.4999	0.0	1.0	0.0	0.0
SA-PA	PLANE_LONG_HAUL	1343.77	36.75	0.0	35	0.5374	0.0	1.0	0.0	0.0
SA-PA	CAR_GASOLINE	0.0	0.0	0.0	10	0.1343125	0.0	1.0	0.0	0.0
SA-PA	CAR_DIESEL	0.0	0.0	0.0	10	0.1343125	0.0	1.0	0.0	0.0
SA-PA	CAR_NG	0.0	0.0	0.0	10	0.1343125	0.0	1.0	0.0	0.0
SA-PA	CAR_METHANOL	0.0	0.0	0.0	10	0.1343125	0.0	1.0	0.0	0.0
SA-PA	CAR_HEV	423.86	34.0	0.0	10	0.1343125	0.0	1.0	0.0	0.0
SA-PA	CAR_PHEV	473.46	34.0	0.0	10	0.1343125	0.0	1.0	0.0	0.0
SA-PA	CAR_BEV	380.3142753	7.606285505	0.0	10	0.1343125	0.0	1.0	0.0	0.0
SA-PA	CAR_FUEL_CELL	1500.1072	14.124	0.0	10	0.1343125	0.0	1.0	0.0	0.0
SA-PA	TRAIN_FREIGHT	104.42	2.088311688	0.0	40	0.342465753	0.0	1.0	0.0	0.0
SA-PA	BOAT_FREIGHT_DIESEL	72.24	3.819444444	0.0	40	0.114155251	0.0	1.0	0.0	Infinity
SA-PA	BOAT_FREIGHT_NG	73.13	3.819444444	0.0	40	0.114155251	0.0	1.0	0.0	0.0
SA-PA	BOAT_FREIGHT_METHANOL	0.0	0.0	0.0	40	0.114155251	0.0	1.0	0.0	0.0
SA-PA	CARGO_LFO	0.0	0.0	0.0	40	0.739666854	0.0	1.0	0.0	0.0
SA-PA	CARGO_LNG	0.0	0.0	0.0	40	0.739666854	0.0	1.0	0.0	0.0
SA-PA	CARGO_METHANOL	0.0	0.0	0.0	40	0.739666854	0.0	1.0	0.0	0.0
SA-PA	CARGO_AMMONIA	0.0	0.0	0.0	40	0.739666854	0.0	1.0	0.0	0.0
SA-PA	CARGO_FUELCELL_LH2	0.0	0.0	0.0	40	0.739666854	0.0	1.0	0.0	0.0
SA-PA	CARGO_FUELCELL_AMMONIA	0.0	0.0	0.0	40	0.739666854	0.0	1.0	0.0	0.0
SA-PA	CARGO_RETRO_METHANOL	0.0	0.0	0.0	40	0.739666854	0.0	1.0	0.0	0.0
SA-PA	CARGO_RETRO_AMMONIA	0.0	0.0	0.0	40	0.739666854	0.0	1.0	0.0	0.0
SA-PA	TRUCK_DIESEL	0.0	0.0	0.0	15	0.01805556	0.0	1.0	0.0	0.0
SA-PA	TRUCK_METHANOL	0.0	0.0	0.0	15	0.01805556	0.0	1.0	0.0	0.0
SA-PA	TRUCK_FUEL_CELL	430.17	12.06666667	0.0	15	0.01805556	0.0	1.0	0.0	0.0
SA-PA	TRUCK_ELEC	878.38	23.13333333	0.0	15	0.01805556	0.0	1.0	0.0	0.0
SA-PA	TRUCK_NG	355.28	18.55555556	0.0	15	0.01805556	0.0	1.0	0.0	0.0
SA-PA	EFFICIENCY	0.0	0.0	0.0	1	1.0	0.0	1.0	0.0	Infinity
SA-PA	DHN	825.88	0.0	0.0	60	1.0	0.0	1.0	0.0	0.0
SA-PA	GRID	810.19	0.0	0.0	80	1.0	0.0	1.0	0.0	Infinity
SA-PA	HVAC_LINE	2.0	0.04	0.0	40	1.0	0.0	1.0	0.0	Infinity
SA-PA	HVDC_SUBSEA	3.24	0.06	0.0	40	1.0	0.0	1.0	0.0	0.0
SA-PA	GAS_PIPELINE	0.134	0.001	0.0	55	1.0	0.0	1.0	0.0	Infinity
SA-PA	GAS_SUBSEA	0.208	0.002	0.0	55	1.0	0.0	1.0	0.0	0.0
SA-PA	H2_RETROFITTED	0.355973417	0.005	0.0	40	1.0	0.0	1.0	0.0	0.0
SA-PA	H2_NEW	0.452	0.005	0.0	40	1.0	0.0	1.0	0.0	0.0
SA-PA	H2_SUBSEA_RETRO	0.533066683	0.007	0.0	40	1.0	0.0	1.0	0.0	0.0
SA-PA	H2_SUBSEA_NEW	0.726	0.007	0.0	40	1.0	0.0	1.0	0.0	0.0
SA-PA	H2_ELECTROLYSIS	2784.81	76.58227848	0.0	15	0.8946	0.0	1.0	0.0	0.0
SA-PA	H2_NG	775.33	71.54781261	0.0	25	0.85484	0.0	1.0	0.0	0.0
SA-PA	H2_BIOMASS	4798.23	338.0304591	0.0	25	0.85484	0.0	1.0	0.0	0.0
SA-PA	BIOMASS_TO_METHANE	3082.8512	173.8128468	0.0	25	0.85	0.0	1.0	0.0	0.0
SA-PA	BIOWASTE_TO_METHANE	3082.8512	173.8128468	0.0	25	0.85	0.0	1.0	0.0	0.0
SA-PA	SYN_METHANATION	349.6	89.32368421	0.0	40	1.0	0.0	1.0	0.0	0.0
SA-PA	BIOMETHANATION_WET_BIOMASS	1122.22	15.54545455	0.0	20	0.8449	0.0	1.0	0.0	0.0
SA-PA	BIOMETHANATION_BIOWASTE	1122.22	15.54545455	0.0	20	0.8449	0.0	1.0	0.0	0.0
SA-PA	BIOMASS_TO_JET_FUEL	6046.9153	166.9735	0.0	25	0.91	0.0	1.0	0.0	0.0
SA-PA	BIOMASS_TO_LFO	6046.9153	166.9735	0.0	25	0.91	0.0	1.0	0.0	0.0
SA-PA	BIOWASTE_TO_JET_FUEL	6046.9153	250.46025	0.0	25	0.91	0.0	1.0	0.0	0.0
SA-PA	BIOWASTE_TO_LFO	6046.9153	250.46025	0.0	25	0.91	0.0	1.0	0.0	0.0
SA-PA	DIESEL_TO_JET_FUEL	0.0	0.0	0.0	25	1.0	0.0	1.0	0.0	0.0
SA-PA	ATM_CCS	5342.73	132.624	0.0	40	1.0	0.0	1.0	0.0	0.0
SA-PA	INDUSTRY_CCS	2671.37	66.312	0.0	40	1.0	0.0	1.0	0.0	0.0
SA-PA	SYN_METHANOLATION	0.0	0.0	0.0	20	0.9443	0.0	1.0	0.0	0.0
SA-PA	METHANE_TO_METHANOL	0.0	0.0	0.0	25	0.8449	0.0	1.0	0.0	0.0
SA-PA	BIOMASS_TO_METHANOL	0.0	0.0	0.0	20	0.994	0.0	1.0	0.0	0.0
SA-PA	BIOWASTE_TO_METHANOL	0.0	94.248	0.0	20	1.0	0.0	1.0	0.0	0.0
SA-PA	HABER_BOSCH	0.0	0.0	0.0	20	0.994	0.0	1.0	0.0	0.0
SA-PA	POWER_TO_JET_FUEL	3804.508764	288.1851693	0.0	25	0.91	0.0	1.0	0.0	0.0
SA-PA	POWER_TO_LFO	3804.508764	288.1851693	0.0	25	0.91	0.0	1.0	0.0	0.0
SA-PA	H2_TO_JET_FUEL	2445.720694	149.5353034	0.0	25	0.91	0.0	1.0	0.0	0.0
SA-PA	H2_TO_LFO	2445.720694	149.5353034	0.0	25	0.91	0.0	1.0	0.0	0.0
SA-PA	AMMONIA_TO_H2	0.0	0.0	0.0	25	0.994	0.0	1.0	0.0	0.0
SA-PA	OIL_TO_HVC	449.55	2.390016639	0.0	15	0.994	0.0	1.0	0.0	Infinity
SA-PA	GAS_TO_HVC	907.75	22.69375242	0.0	25	0.994	0.0	1.0	0.0	0.0
SA-PA	BIOMASS_TO_HVC	3311.7	98.8	0.0	20	0.994	0.0	1.0	0.0	0.0
SA-PA	METHANOL_TO_HVC	0.0	0.0	0.0	20	1.0	0.0	1.0	0.0	0.0
SA-PA	BATT_LI	501.3	0.775025166	61.3	15	1.0	0.0	1.0	0.0	0.0
SA-PA	CAES	38.938	3.1799	0.0	50	1.0	0.0	1.0	0.0	0.0
SA-PA	BEV_BATT	0.0	0.0	0.0	1	1.0	0.0	1.0	0.0	0.0
SA-PA	PHEV_BATT	0.0	0.0	0.0	1	1.0	0.0	1.0	0.0	0.0
SA-PA	DAM_STORAGE	0.0	0.0	0.0	100	1.0	0.0	1.0	0.0	0.0
SA-PA	PHS	58.8	0.0	8.33	50	1.0	0.0	1.0	0.0	0.0
SA-PA	TS_DEC_DIRECT_ELEC	0.0	0.0	0.0	20	1.0	0.0	1.0	0.0	0.0
SA-PA	TS_DEC_HP_ELEC	0.0	0.0	0.0	20	1.0	0.0	1.0	0.0	0.0
SA-PA	TS_DEC_THHP_GAS	0.0	0.0	0.0	20	1.0	0.0	1.0	0.0	0.0
SA-PA	TS_DEC_COGEN_GAS	0.0	0.0	0.0	20	1.0	0.0	1.0	0.0	0.0
SA-PA	TS_DEC_COGEN_OIL	0.0	0.0	0.0	20	1.0	0.0	1.0	0.0	0.0
SA-PA	TS_DEC_ADVCOGEN_GAS	0.0	0.0	0.0	20	1.0	0.0	1.0	0.0	0.0
SA-PA	TS_DEC_ADVCOGEN_H2	0.0	0.0	0.0	20	1.0	0.0	1.0	0.0	0.0
SA-PA	TS_DEC_BOILER_GAS	0.0	0.0	0.0	20	1.0	0.0	1.0	0.0	0.0
SA-PA	TS_DEC_BOILER_WOOD	0.0	0.0	0.0	20	1.0	0.0	1.0	0.0	0.0
SA-PA	TS_DEC_BOILER_OIL	0.0	0.0	0.0	20	1.0	0.0	1.0	0.0	0.0
SA-PA	TS_DHN_DAILY	0.0	0.0	0.0	40	1.0	0.0	1.0	0.0	0.0
SA-PA	TS_DHN_SEASONAL	0.0	0.0	0.0	25	1.0	0.0	1.0	0.0	0.0
SA-PA	TS_HIGH_TEMP	0.0	0.0	0.0	25	1.0	0.0	1.0	0.0	0.0
SA-PA	GAS_STORAGE	0.0	0.0	0.0	50	1.0	0.0	1.0	0.0	0.0
SA-PA	H2_STORAGE	6.19	0.39	0.0	20	1.0	0.0	1.0	0.0	0.0
SA-PA	DIESEL_STORAGE	0.01	0.000397	0.0	20	1.0	0.0	1.0	38.553119	38.55312
SA-PA	JET_FUEL_STORAGE	0.01	0.000397	0.0	20	1.0	0.0	1.0	1.416625	1.416626
SA-PA	GASOLINE_STORAGE	0.01	0.000397	0.0	20	1.0	0.0	1.0	35.688363	35.688364
SA-PA	LFO_STORAGE	0.01	0.000397	0.0	20	1.0	0.0	1.0	0.0	0.0
SA-PA	AMMONIA_STORAGE	0.0	0.0	0.0	20	1.0	0.0	1.0	0.0	0.0
SA-PA	METHANOL_STORAGE	0.0	0.0	0.0	20	1.0	0.0	1.0	0.0	0.0
SA-PA	PT_STORAGE	36.9568	0.3695	0.0	25	1.0	0.0	1.0	0.0	0.0
SA-PA	ST_STORAGE	19.099	0.1909	0.0	25	1.0	0.0	1.0	0.0	0.0
SA-PA	TS_COLD	0.0	0.0	0.0	20	1.0	0.0	1.0	0.0	0.0
SA-PA	CO2_STORAGE	49.5	0.495	0.0	30	1.0	0.0	1.0	0.0	0.0
SA-PA	STOVE_WOOD	53.65514911	1.60965447	75.0	10	0.1875	0.016343225	0.05836866	0.0	Infinity
SA-PA	STOVE_LPG	52.20521443	1.33859524	75.0	10	0.1875	0.257122488	0.9182946	0.0	Infinity
SA-PA	STOVE_NG	70.48592219	1.80733134	75.0	10	0.1875	0.004909635	0.017534412	0.0	Infinity
SA-PA	STOVE_OIL	17.37818595	0.52134558	75.0	10	0.1875	0.001624652	0.005802328	0.0	Infinity
SA-PA	STOVE_ELEC	20.60357726	0.51508943	75.0	10	0.1875	0.0	1.0	0.0	0.0
SA-PA	PLANE	1456.05	39.82	0.0	35	0.114155251	0.0	1.0	0.0	Infinity
SA-PA	FERMENTATION_TO_BIOETHANOL	2554.01	116.0842435	0.0	25	0.92	0.0	1.0	0.0	0.0
SA-PA	ESTERIFICATION_TO_BIODIESEL	2554.01	116.0842435	0.0	25	0.8449	0.0	1.0	0.0	0.0
SA-PA	IND_BOILER_DIESEL	171.6964771	4.29241193	516.55	25	0.9	0.002274455	0.008123054	0.0	Infinity
SA-PA	IND_BOILER_LPG	70.67	1.415862909	12.32	17	0.9443	0.0	1.0	0.0	0.0
SA-PA	LPG_STORAGE	0.01	0.000397	0.0	20	1.0	0.0	1.0	0.655916	0.655916667
SA-PA	LNG_STORAGE	0.01	0.000397	0.0	20	1.0	0.0	1.0	3.423999	3.424
SA-PA	CAR_FG_PRIVATE	315.1175424	18.90705254	0.0	10	0.1343125	0.0	0.0	0.0	0.0
SA-PA	BUS_FG_PRIVATE	220.8150238	11.04075119	0.0	15	0.48372222	0.0	0.0	0.0	0.0
SA-PA	PICKUP_TRUCK_FG_PRIVATE	543.3648433	32.6018906	0.0	10	0.1343125	0.0	0.0	0.0	0.0
SA-PA	SUV_FG_PRIVATE	478.6379968	28.71827981	0.0	10	0.1343125	0.0	0.0	0.0	0.0
SA-PA	MOTORCYCLE_FG_PRIVATE	43.78260167	2.6269561	0.0	10	0.01989583	0.0	0.0	0.0	0.0
SA-PA	CAR_FG_PUBLIC	315.1175424	18.90705254	0.0	10	0.1343125	0.0	0.0	0.0	0.0
SA-PA	BUS_FG_PUBLIC	220.8150238	11.04075119	0.0	15	0.48372222	0.0	0.0	0.0	0.0
SA-PA	PICKUP_TRUCK_FG_PUBLIC	543.3648433	32.6018906	0.0	10	0.1343125	0.0	0.0	0.0	0.0
SA-PA	SUV_FG_PUBLIC	478.6379968	28.71827981	0.0	10	0.1343125	0.0	0.0	0.0	0.0
SA-PA	MOTORCYCLE_FG_PUBLIC	43.78260167	2.6269561	0.0	10	0.01989583	0.0	0.0	0.0	0.0
SA-PA	CAR_GASOLINE_PRIVATE	301.4908378	18.08945027	0.0	10	0.1343125	0.028841586	0.103005665	0.0	Infinity
SA-PA	BUS_GASOLINE_PRIVATE	209.8512498	10.49256249	0.0	15	0.48372222	0.0	0.0	0.0	Infinity
SA-PA	PICKUP_TRUCK_GASOLINE_PRIVATE	529.7381388	31.78428833	0.0	10	0.1343125	0.012479259	0.044568782	0.0	Infinity
SA-PA	SUV_GASOLINE_PRIVATE	465.0112923	27.90067754	0.0	10	0.1343125	0.020478614	0.073137907	0.0	Infinity
SA-PA	MOTORCYCLE_GASOLINE_PRIVATE	26.61295396	1.59677724	0.0	10	0.01989583	0.214779936	0.7670712	0.0	Infinity
SA-PA	CAR_GASOLINE_PUBLIC	301.4908378	18.08945027	0.0	10	0.1343125	0.0	0.0	0.0	Infinity
SA-PA	BUS_GASOLINE_PUBLIC	209.8512498	10.49256249	0.0	15	0.48372222	0.245677294	0.877418907	0.0	Infinity
SA-PA	PICKUP_TRUCK_GASOLINE_PUBLIC	529.7381388	31.78428833	0.0	10	0.1343125	0.0	0.0	0.0	Infinity
SA-PA	SUV_GASOLINE_PUBLIC	465.0112923	27.90067754	0.0	10	0.1343125	0.0	0.0	0.0	Infinity
SA-PA	MOTORCYCLE_GASOLINE_PUBLIC	26.61295396	1.59677724	0.0	10	0.01989583	0.0	0.0	0.0	Infinity
SA-PA	CAR_DIESEL_PRIVATE	301.4908378	18.08945027	0.0	10	0.1343125	0.000676551	0.002416255	0.0	Infinity
SA-PA	BUS_DIESEL_PRIVATE	209.8512498	10.49256249	0.0	15	0.48372222	0.0	0.0	0.0	Infinity
SA-PA	PICKUP_TRUCK_DIESEL_PRIVATE	529.7381388	31.78428833	0.0	10	0.1343125	0.002288584	0.008173514	0.0	Infinity
SA-PA	SUV_DIESEL_PRIVATE	465.0112923	27.90067754	0.0	10	0.1343125	0.000455469	0.001626677	0.0	Infinity
SA-PA	MOTORCYCLE_DIESEL_PRIVATE	26.61295396	1.59677724	0.0	10	0.01989583	0.0	0.0	0.0	Infinity
SA-PA	CAR_DIESEL_PUBLIC	301.4908378	18.08945027	0.0	10	0.1343125	0.0	0.0	0.0	Infinity
SA-PA	BUS_DIESEL_PUBLIC	209.8512498	10.49256249	0.0	15	0.48372222	0.034322706	0.122581094	0.0	Infinity
SA-PA	PICKUP_TRUCK_DIESEL_PUBLIC	529.7381388	31.78428833	0.0	10	0.1343125	0.0	0.0	0.0	0.0
SA-PA	SUV_DIESEL_PUBLIC	465.0112923	27.90067754	0.0	10	0.1343125	0.0	0.0	0.0	0.0
SA-PA	MOTORCYCLE_DIESEL_PUBLIC	26.61295396	1.59677724	0.0	10	0.01989583	0.0	0.0	0.0	0.0
SA-PA	TRUCK_FG	250.4310952	12.52155476	0.0	15	0.01805556	0.0	0.0	0.0	0.0
SA-PA	VAN_FG	532.9439084	31.9766345	0.0	10	0.0203125	0.0	0.0	0.0	0.0
SA-PA	CARGO_MOTORCYCLE_FG	85.41899738	5.12513984	0.0	10	0.01075	0.0	0.0	0.0	0.0
SA-PA	TRUCK_GASOLINE	245.90751	12.2953755	0.0	15	0.01805556	0.105175217	0.375625776	0.0	Infinity
SA-PA	VAN_GASOLINE	513.3773583	30.8026415	0.0	10	0.0203125	0.205038685	0.732281017	0.0	Infinity
SA-PA	CARGO_MOTORCYCLE_GASOLINE	51.07970195	3.06478212	0.0	10	0.01075	0.0	0.0	0.0	0.0
SA-PA	TRUCK_DIESEL_P	245.90751	12.2953755	0.0	15	0.01805556	0.174824783	0.624374224	0.0	Infinity
SA-PA	VAN_DIESEL	513.3773583	30.8026415	0.0	10	0.0203125	0.074961315	0.267718983	0.0	Infinity
SA-PA	CARGO_MOTORCYCLE_DIESEL	51.07970195	3.06478212	0.0	10	0.01075	0.0	0.0	0.0	0.0
SA-PA	CONVENTIONAL_BULB	0.1444041	0.0	0.0	5	1.0	0.220602273	0.787865261	0.0	Infinity
SA-PA	LED_BULB	0.60161002	0.0	0.0	10	1.0	0.059397727	0.212134739	0.0	Infinity
SA-PA	CONVENTIONAL_LIGHT	1598.242939	1559.087767	0.0	5	1.0	0.0	1.0	0.0	Infinity
SA-PA	LED_LIGHT	2187.69928	431.5978112	0.0	10	1.0	0.0	1.0	0.0	0.0
SA-PA	REFRIGERATOR_EL	5.96e-05	0.0	0.0	15	1.0	0.0	1.0	0.0	Infinity
SA-PA	COMM_MACHINERY_DIESEL	0.08519203	0.00127788	0.0	25	1.0	0.0	1.0	0.0	Infinity
SA-PA	COMM_MACHINERY_EL	0.06278883	0.00094183	0.0	12	1.0	0.0	1.0	0.0	0.0
SA-PA	IND_MACHINERY_EL	0.06278883	0.00094183	0.0	17	1.0	0.0	1.0	0.0	0.0
SA-PA	TRACTOR_DIESEL	0.321277296	0.01606386	0.0	15	1.0	0.0	1.0	0.0	Infinity
SA-PA	AGR_MACHINERY_DIESEL	0.14693009	0.00220395	0.0	25	1.0	0.0	1.0	0.0	Infinity
SA-PA	AGR_MACHINERY_EL	0.19650578	0.00294759	0.0	12	1.0	0.0	1.0	0.0	0.0
SA-PA	MIN_MACHINERY_DIESEL	0.08519203	0.00127788	0.0	25	1.0	0.0	1.0	0.0	Infinity
SA-PA	MIN_MACHINERY_EL	0.06278883	0.00094183	0.0	17	1.0	0.0	1.0	0.0	0.0
SA-PA	FISH_MACHINERY_DIESEL	0.08519203	0.00127788	0.0	25	1.0	0.268996528	0.960701884	0.0	Infinity
SA-PA	FISH_MACHINERY_EL	0.06278883	0.00094183	0.0	12	1.0	0.011003472	0.039298116	0.0	Infinity
SA-PA	TRACTOR_EL	1.34690901	0.06734545	0.0	15	1.0	0.0	1.0	0.0	0.0
SA-PA	BUS_ELEC_PUBLIC	438.779886	8.77559772	0.0	15	0.48372222	0.0	1.0	0.0	0.0
SA-PA	BUS_ELEC_PRIVATE	438.779886	8.77559772	0.0	15	0.48372222	0.0	1.0	0.0	0.0
SA-PA	PICKUP_TRUCK_ELEC_PUBLIC	0.0	0.0	0.0	10	0.0	0.0	1.0	0.0	0.0
SA-PA	PICKUP_TRUCK_ELEC_PRIVATE	0.0	0.0	0.0	10	0.0	0.0	1.0	0.0	0.0
SA-PA	SUV_ELEC_PUBLIC	613.66	10.0	0.0	10	0.1343125	0.0	1.0	0.0	0.0
SA-PA	SUV_ELEC_PRIVATE	613.66	10.0	0.0	10	0.1343125	0.0	1.0	0.0	0.0
SA-PA	MOTORCYCLE_ELEC_PUBLIC	64.48039933	1.28960799	0.0	10	0.01989583	0.0	1.0	0.0	0.0
SA-PA	MOTORCYCLE_ELEC_PRIVATE	64.48039933	1.28960799	0.0	10	0.01989583	0.0	1.0	0.0	0.0
SA-PA	VAN_ELEC	0.0	0.0	0.0	10	0.0	0.0	1.0	0.0	0.0
SA-PA	CARGO_MOTORCYCLE_ELEC	229.6440382	4.59288076	0.0	10	0.0203125	0.0	1.0	0.0	0.0
SA-PA	TRAIN_FREIGHT_ELEC	104.42	2.088311688	0.0	40	0.342465753	0.0	1.0	0.0	0.0
SA-PA	BOAT_FREIGHT_ELEC	216.72	0.381944444	0.0	40	0.114155251	0.0	1.0	0.0	0.0
SA-PA	FUEL_CELL	984.64	29.5392	0.0	20	1.0	0.0	1.0	0.0	0.0
SA-PA	ETHANOL_TO_FUELS	947.1675259	38.4949953	0.0	25	0.95	0.0	1.0	0.0	0.0
SA-PA	BIO_HYDROLYSIS	1811.76	123.526815	0.0	15	0.8449	0.0	1.0	0.0	0.0
SA-PA	PYROLYSIS_TO_FUELS	2593.5	72.2	0.0	25	0.8449	0.0	1.0	0.0	0.0
SA-PA	PYROLYSIS_TO_LFO	2554.01	116.0842435	0.0	25	0.8449	0.0	1.0	0.0	0.0
SA-PA	FB_ST_BIOMASS	2192.345897	43.84691793	165.33	30	0.409994599	0.0	1.0	0.0	0.0
SA-PA	CFB_ST_BIOMASS	1865.171828	37.30343656	165.33	30	0.409994599	0.0	1.0	0.0	0.0
SA-PA	BFB_ST_BIOMASS	1865.171828	37.30343656	165.33	30	0.409994599	0.0	1.0	0.0	0.0
SA-PA	REGASIFICATION	2895.92	57.91836098	0.0	25	1.0	0.0	1.0	0.0008114	0.0008115
SA-PA	LIQUEFACTION	1075.899182	21.51798364	0.0	25	1.0	0.0	1.0	0.0	0.0
SA-PA	DIESEL_PIPELINE	0.134	0.001	0.0	55	1.0	0.0	1.0	0.0	Infinity
SA-PA	GASOLINE_PIPELINE	0.134	0.001	0.0	55	1.0	0.0	1.0	0.0	Infinity
SA-PA	LPG_PIPELINE	0.134	0.001	0.0	55	1.0	0.0	1.0	0.0	Infinity
SA-PA	LFO_PIPELINE	0.134	0.001	0.0	55	1.0	0.0	1.0	0.0	Infinity
SA-PA	JET_FUEL_PIPELINE	0.134	0.001	0.0	55	1.0	0.0	1.0	0.0	Infinity
SA-PA	SUV_ELEC_PRIVATE_BATT	0.0	0.0	0.0	1	1.0	0.0	1.0	0.0	0.0
SA-PA	MOTORCYCLE_ELEC_PRIVATE_BATT	0.0	0.0	0.0	1	1.0	0.0	1.0	0.0	0.0
SA-PA	BUS_ELEC_PUBLIC_BATT	0.0	0.0	0.0	1	1.0	0.0	1.0	0.0	0.0
SA-SC	NUCLEAR	4845.734619	102.930986	707.88	60	0.843906	0.0	1.0	0.0	0.0
SA-SC	NUCLEAR_SMR	4845.734619	102.930986	707.88	60	0.843906	0.0	1.0	0.0	0.0
SA-SC	CCGT_AMMONIA	1253.082037	18.7961901	183.79	30	0.9615	0.0	1.0	0.0	0.0
SA-SC	COAL_US	2516.71	30.0225445	331.6	35	0.865396	0.0	1.0	0.0	0.0
SA-SC	COAL_IGCC	3245.81	49.47283735	331.6	35	0.853432	0.0	1.0	0.0	0.0
SA-SC	BIOMASS_TO_POWER	1677.0152	69.9431	331.6	35	0.868	0.0	1.0	0.0	0.0
SA-SC	PV_ROOFTOP	737.8867059	9.726688396	2081.43	30	1.0	0.0	1.0	0.0	0.0
SA-SC	PV_UTILITY	1051.13	26.01945647	2081.43	30	1.0	7.448e-05	0.000266	6e-05	6.1e-05
SA-SC	PT_COLLECTOR	4504.71429	62.65	0.0	25	1.0	0.0	1.0	0.0	0.0
SA-SC	ST_COLLECTOR	5517.02	63.0	0.0	25	1.0	0.0	1.0	0.0	0.0
SA-SC	PT_POWER_BLOCK	1044.57	62.65	0.0	25	1.0	0.0	1.0	0.0	0.0
SA-SC	ST_POWER_BLOCK	768.19	63.0	0.0	25	1.0	0.0	1.0	0.0	0.0
SA-SC	WIND_ONSHORE	1629.13	24.41867298	622.85	30	1.0	0.0	1.0	0.0	0.0
SA-SC	WIND_OFFSHORE	4974.63	36.31492615	622.85	30	1.0	0.0	1.0	0.0	0.0
SA-SC	HYDRO_DAM	2206.3	22.063	1262.82	100	1.0	0.0	1.0	0.0	0.0
SA-SC	HYDRO_RIVER	2000.264	20.003	1262.82	100	1.0	0.0	1.0	0.0	0.0
SA-SC	TIDAL_STREAM	3752.0	165.0	0.0	20	1.0	0.0	1.0	0.0	0.0
SA-SC	TIDAL_RANGE	2867.0	178.0	0.0	40	1.0	0.0	1.0	0.0	0.0
SA-SC	WAVE	2912.5	97.4107	0.0	25	0.3995	0.0	1.0	0.0	0.0
SA-SC	GEOTHERMAL	3772.171603	94.30429007	24929.09	50	0.914	0.0	1.0	0.0	0.0
SA-SC	GENSET_DIESEL	384.6	5.769001632	516.55	30	1.0	0.04791948	0.171141	0.0098	Infinity
SA-SC	OCGT	941.904649	23.54761623	183.79	30	1.0	0.23200604	0.828593	0.07316	0.073161
SA-SC	CCGT	1253.082037	18.7961901	183.79	30	0.85	0.0	1.0	0.0	0.0
SA-SC	ST_BIOMASS	1716.964771	39.82614252	165.33	30	0.868	0.0	1.0	0.0	0.0
SA-SC	ST_SNG	982.1038492	14.73155774	1024.32	30	0.868	0.0	1.0	0.0	0.0
SA-SC	CCGT_SUR	1253.082037	18.7961901	183.79	30	0.85	0.0	1.0	0.0	0.0
SA-SC	IND_COGEN_GAS	1528.1	98.22449611	1024.32	25	0.8449	0.0	1.0	0.0	0.0
SA-SC	IND_COGEN_WOOD	1172.95	42.94466341	165.33	25	0.8449	0.0	1.0	0.0	0.0
SA-SC	IND_COGEN_WASTE	3182.91	117.3386515	647.82	25	0.8449	0.0	1.0	0.0	0.0
SA-SC	IND_BOILER_GAS	70.67	1.415862909	12.32	17	0.9443	0.0	1.0	0.0	0.0
SA-SC	IND_BOILER_WOOD	138.22	2.764303774	28.87	17	0.8946	0.0	1.0	0.0	Infinity
SA-SC	IND_BOILER_BIOWASTE	138.22	2.764303774	28.87	17	0.8946	0.0	1.0	0.0	0.0
SA-SC	IND_BOILER_OIL	65.83	1.415862909	12.32	17	0.9443	0.0	1.0	0.0	0.0
SA-SC	IND_BOILER_COAL	138.22	2.764303774	48.18	17	0.8946	0.0	1.0	0.0	0.0
SA-SC	IND_BOILER_WASTE	138.22	2.764303774	28.87	17	0.8946	0.0	1.0	0.0	0.0
SA-SC	IND_DIRECT_ELEC	387.73	1.758903768	1.47	15	0.9443	0.0	1.0	0.0	0.0
SA-SC	DHN_HP_ELEC	395.73	13.41870073	174.79	25	0.9443	0.0	1.0	0.0	0.0
SA-SC	DHN_COGEN_GAS	1361.46	39.80624675	490.88	25	0.8449	0.0	1.0	0.0	0.0
SA-SC	DHN_COGEN_WOOD	1172.95	42.94466341	165.33	25	0.8449	0.0	1.0	0.0	0.0
SA-SC	DHN_COGEN_WASTE	3182.91	117.3386515	647.82	25	0.8449	0.0	1.0	0.0	0.0
SA-SC	DHN_BOILER_GAS	70.67	1.415862909	12.32	17	0.9443	0.0	1.0	0.0	0.0
SA-SC	DHN_BOILER_WOOD	138.22	2.764303774	28.87	17	0.8946	0.0	1.0	0.0	0.0
SA-SC	DHN_BOILER_OIL	65.83	1.415862909	12.32	17	0.9443	0.0	1.0	0.0	0.0
SA-SC	DHN_DEEP_GEO	1611.94	60.39529412	808.76	30	0.8449	0.0	1.0	0.0	0.0
SA-SC	DHN_SOLAR	381.37	0.449838889	221.22	30	1.0	0.0	1.0	0.0	0.0
SA-SC	DEC_HP_ELEC	564.78	23.54819613	164.89	18	1.0	0.0	1.0	0.0	0.0
SA-SC	DEC_THHP_GAS	362.35	10.59040315	381.93	20	1.0	0.0	1.0	0.0	0.0
SA-SC	DEC_COGEN_GAS	1528.1	98.22449611	1024.32	20	1.0	0.0	1.0	0.0	0.0
SA-SC	DEC_COGEN_OIL	1416.89	86.93215515	1024.32	20	1.0	0.0	1.0	0.0	0.0
SA-SC	DEC_ADVCOGEN_GAS	9185.33	171.1804817	2193.45	20	1.0	0.0	1.0	0.0	0.0
SA-SC	DEC_ADVCOGEN_H2	9185.33	171.1804817	2193.45	20	1.0	0.0	1.0	0.0	0.0
SA-SC	DEC_BOILER_GAS	190.24	5.708399663	21.09	17	1.0	0.0	1.0	0.0	Infinity
SA-SC	DEC_BOILER_WOOD	554.93	19.41754846	21.09	17	1.0	0.0	1.0	0.0	0.0
SA-SC	DEC_BOILER_OIL	170.86	10.24815058	21.09	17	1.0	0.0	1.0	0.0	0.0
SA-SC	DEC_SOLAR	757.56	8.405281393	221.22	25	1.0	0.0	1.0	0.0	0.0
SA-SC	DEC_DIRECT_ELEC	43.61	0.190627801	1.47	15	1.0	0.0	1.0	0.0	0.0
SA-SC	DEC_ELEC_COLD	528.88	22.1	164.89	20	1.0	0.0	1.0	0.0	0.0
SA-SC	DEC_THHP_GAS_COLD	339.33	9.9	381.93	20	1.0	0.0	1.0	0.0	0.0
SA-SC	IND_ELEC_COLD	664.97	5.4	174.79	20	0.95	0.0	1.0	0.0	0.0
SA-SC	TRAMWAY_TROLLEY	625.0	12.5	0.0	30	0.342465753	0.0	1.0	0.0	0.0
SA-SC	BUS_COACH_DIESEL	0.0	0.0	0.0	15	0.483722222	0.0	1.0	0.0	0.0
SA-SC	BUS_COACH_HYDIESEL	822.56	33.33333333	0.0	15	0.483722222	0.0	1.0	0.0	0.0
SA-SC	BUS_COACH_CNG_STOICH	0.0	0.0	0.0	15	0.483722222	0.0	1.0	0.0	0.0
SA-SC	BUS_COACH_FC_HYBRIDH2	1114.04	31.25	0.0	15	0.483722222	0.0	1.0	0.0	0.0
SA-SC	TRAIN_PUB	1506.02	54.35274934	0.0	40	0.275072894	0.0	1.0	0.0	0.0
SA-SC	PLANE_SHORT_HAUL	1456.05	39.82	0.0	35	0.4999	0.0	1.0	0.0	0.0
SA-SC	PLANE_H2_SHORT_HAUL	1639.69	44.84	0.0	35	0.4999	0.0	1.0	0.0	0.0
SA-SC	PLANE_LONG_HAUL	1343.77	36.75	0.0	35	0.5374	0.0	1.0	0.0	0.0
SA-SC	CAR_GASOLINE	0.0	0.0	0.0	10	0.1343125	0.0	1.0	0.0	0.0
SA-SC	CAR_DIESEL	0.0	0.0	0.0	10	0.1343125	0.0	1.0	0.0	0.0
SA-SC	CAR_NG	0.0	0.0	0.0	10	0.1343125	0.0	1.0	0.0	0.0
SA-SC	CAR_METHANOL	0.0	0.0	0.0	10	0.1343125	0.0	1.0	0.0	0.0
SA-SC	CAR_HEV	423.86	34.0	0.0	10	0.1343125	0.0	1.0	0.0	0.0
SA-SC	CAR_PHEV	473.46	34.0	0.0	10	0.1343125	0.0	1.0	0.0	0.0
SA-SC	CAR_BEV	380.3142753	7.606285505	0.0	10	0.1343125	0.0	1.0	0.0	0.0
SA-SC	CAR_FUEL_CELL	1500.1072	14.124	0.0	10	0.1343125	0.0	1.0	0.0	0.0
SA-SC	TRAIN_FREIGHT	104.42	2.088311688	0.0	40	0.342465753	0.0	1.0	0.0	0.0
SA-SC	BOAT_FREIGHT_DIESEL	72.24	3.819444444	0.0	40	0.114155251	0.0	1.0	0.0	Infinity
SA-SC	BOAT_FREIGHT_NG	73.13	3.819444444	0.0	40	0.114155251	0.0	1.0	0.0	0.0
SA-SC	BOAT_FREIGHT_METHANOL	0.0	0.0	0.0	40	0.114155251	0.0	1.0	0.0	0.0
SA-SC	CARGO_LFO	0.0	0.0	0.0	40	0.739666854	0.0	1.0	0.0	0.0
SA-SC	CARGO_LNG	0.0	0.0	0.0	40	0.739666854	0.0	1.0	0.0	0.0
SA-SC	CARGO_METHANOL	0.0	0.0	0.0	40	0.739666854	0.0	1.0	0.0	0.0
SA-SC	CARGO_AMMONIA	0.0	0.0	0.0	40	0.739666854	0.0	1.0	0.0	0.0
SA-SC	CARGO_FUELCELL_LH2	0.0	0.0	0.0	40	0.739666854	0.0	1.0	0.0	0.0
SA-SC	CARGO_FUELCELL_AMMONIA	0.0	0.0	0.0	40	0.739666854	0.0	1.0	0.0	0.0
SA-SC	CARGO_RETRO_METHANOL	0.0	0.0	0.0	40	0.739666854	0.0	1.0	0.0	0.0
SA-SC	CARGO_RETRO_AMMONIA	0.0	0.0	0.0	40	0.739666854	0.0	1.0	0.0	0.0
SA-SC	TRUCK_DIESEL	0.0	0.0	0.0	15	0.01805556	0.0	1.0	0.0	0.0
SA-SC	TRUCK_METHANOL	0.0	0.0	0.0	15	0.01805556	0.0	1.0	0.0	0.0
SA-SC	TRUCK_FUEL_CELL	430.17	12.06666667	0.0	15	0.01805556	0.0	1.0	0.0	0.0
SA-SC	TRUCK_ELEC	878.38	23.13333333	0.0	15	0.01805556	0.0	1.0	0.0	0.0
SA-SC	TRUCK_NG	355.28	18.55555556	0.0	15	0.01805556	0.0	1.0	0.0	0.0
SA-SC	EFFICIENCY	0.0	0.0	0.0	1	1.0	0.0	1.0	0.0	Infinity
SA-SC	DHN	825.88	0.0	0.0	60	1.0	0.0	1.0	0.0	0.0
SA-SC	GRID	810.19	0.0	0.0	80	1.0	0.0	1.0	0.0	Infinity
SA-SC	HVAC_LINE	2.0	0.04	0.0	40	1.0	0.0	1.0	0.0	Infinity
SA-SC	HVDC_SUBSEA	3.24	0.06	0.0	40	1.0	0.0	1.0	0.0	0.0
SA-SC	GAS_PIPELINE	0.134	0.001	0.0	55	1.0	0.0	1.0	0.0	Infinity
SA-SC	GAS_SUBSEA	0.208	0.002	0.0	55	1.0	0.0	1.0	0.0	0.0
SA-SC	H2_RETROFITTED	0.355973417	0.005	0.0	40	1.0	0.0	1.0	0.0	0.0
SA-SC	H2_NEW	0.452	0.005	0.0	40	1.0	0.0	1.0	0.0	0.0
SA-SC	H2_SUBSEA_RETRO	0.533066683	0.007	0.0	40	1.0	0.0	1.0	0.0	0.0
SA-SC	H2_SUBSEA_NEW	0.726	0.007	0.0	40	1.0	0.0	1.0	0.0	0.0
SA-SC	H2_ELECTROLYSIS	2784.81	76.58227848	0.0	15	0.8946	0.0	1.0	0.0	0.0
SA-SC	H2_NG	775.33	71.54781261	0.0	25	0.85484	0.0	1.0	0.0	0.0
SA-SC	H2_BIOMASS	4798.23	338.0304591	0.0	25	0.85484	0.0	1.0	0.0	0.0
SA-SC	BIOMASS_TO_METHANE	3082.8512	173.8128468	0.0	25	0.85	0.0	1.0	0.0	0.0
SA-SC	BIOWASTE_TO_METHANE	3082.8512	173.8128468	0.0	25	0.85	0.0	1.0	0.0	0.0
SA-SC	SYN_METHANATION	349.6	89.32368421	0.0	40	1.0	0.0	1.0	0.0	0.0
SA-SC	BIOMETHANATION_WET_BIOMASS	1122.22	15.54545455	0.0	20	0.8449	0.0	1.0	0.0	0.0
SA-SC	BIOMETHANATION_BIOWASTE	1122.22	15.54545455	0.0	20	0.8449	0.0	1.0	0.0	0.0
SA-SC	BIOMASS_TO_JET_FUEL	6046.9153	166.9735	0.0	25	0.91	0.0	1.0	0.0	0.0
SA-SC	BIOMASS_TO_LFO	6046.9153	166.9735	0.0	25	0.91	0.0	1.0	0.0	0.0
SA-SC	BIOWASTE_TO_JET_FUEL	6046.9153	250.46025	0.0	25	0.91	0.0	1.0	0.0	0.0
SA-SC	BIOWASTE_TO_LFO	6046.9153	250.46025	0.0	25	0.91	0.0	1.0	0.0	0.0
SA-SC	DIESEL_TO_JET_FUEL	0.0	0.0	0.0	25	1.0	0.0	1.0	0.0	0.0
SA-SC	ATM_CCS	5342.73	132.624	0.0	40	1.0	0.0	1.0	0.0	0.0
SA-SC	INDUSTRY_CCS	2671.37	66.312	0.0	40	1.0	0.0	1.0	0.0	0.0
SA-SC	SYN_METHANOLATION	0.0	0.0	0.0	20	0.9443	0.0	1.0	0.0	0.0
SA-SC	METHANE_TO_METHANOL	0.0	0.0	0.0	25	0.8449	0.0	1.0	0.0	0.0
SA-SC	BIOMASS_TO_METHANOL	0.0	0.0	0.0	20	0.994	0.0	1.0	0.0	0.0
SA-SC	BIOWASTE_TO_METHANOL	0.0	94.248	0.0	20	1.0	0.0	1.0	0.0	0.0
SA-SC	HABER_BOSCH	0.0	0.0	0.0	20	0.994	0.0	1.0	0.0	0.0
SA-SC	POWER_TO_JET_FUEL	3804.508764	288.1851693	0.0	25	0.91	0.0	1.0	0.0	0.0
SA-SC	POWER_TO_LFO	3804.508764	288.1851693	0.0	25	0.91	0.0	1.0	0.0	0.0
SA-SC	H2_TO_JET_FUEL	2445.720694	149.5353034	0.0	25	0.91	0.0	1.0	0.0	0.0
SA-SC	H2_TO_LFO	2445.720694	149.5353034	0.0	25	0.91	0.0	1.0	0.0	0.0
SA-SC	AMMONIA_TO_H2	0.0	0.0	0.0	25	0.994	0.0	1.0	0.0	0.0
SA-SC	OIL_TO_HVC	449.55	2.390016639	0.0	15	0.994	0.0	1.0	0.0	Infinity
SA-SC	GAS_TO_HVC	907.75	22.69375242	0.0	25	0.994	0.0	1.0	0.0	0.0
SA-SC	BIOMASS_TO_HVC	3311.7	98.8	0.0	20	0.994	0.0	1.0	0.0	0.0
SA-SC	METHANOL_TO_HVC	0.0	0.0	0.0	20	1.0	0.0	1.0	0.0	0.0
SA-SC	BATT_LI	501.3	0.775025166	61.3	15	1.0	0.0	1.0	0.0	0.0
SA-SC	CAES	38.938	3.1799	0.0	50	1.0	0.0	1.0	0.0	0.0
SA-SC	BEV_BATT	0.0	0.0	0.0	1	1.0	0.0	1.0	0.0	0.0
SA-SC	PHEV_BATT	0.0	0.0	0.0	1	1.0	0.0	1.0	0.0	0.0
SA-SC	DAM_STORAGE	0.0	0.0	0.0	100	1.0	0.0	1.0	0.0	0.0
SA-SC	PHS	58.8	0.0	8.33	50	1.0	0.0	1.0	0.0	0.0
SA-SC	TS_DEC_DIRECT_ELEC	0.0	0.0	0.0	20	1.0	0.0	1.0	0.0	0.0
SA-SC	TS_DEC_HP_ELEC	0.0	0.0	0.0	20	1.0	0.0	1.0	0.0	0.0
SA-SC	TS_DEC_THHP_GAS	0.0	0.0	0.0	20	1.0	0.0	1.0	0.0	0.0
SA-SC	TS_DEC_COGEN_GAS	0.0	0.0	0.0	20	1.0	0.0	1.0	0.0	0.0
SA-SC	TS_DEC_COGEN_OIL	0.0	0.0	0.0	20	1.0	0.0	1.0	0.0	0.0
SA-SC	TS_DEC_ADVCOGEN_GAS	0.0	0.0	0.0	20	1.0	0.0	1.0	0.0	0.0
SA-SC	TS_DEC_ADVCOGEN_H2	0.0	0.0	0.0	20	1.0	0.0	1.0	0.0	0.0
SA-SC	TS_DEC_BOILER_GAS	0.0	0.0	0.0	20	1.0	0.0	1.0	0.0	0.0
SA-SC	TS_DEC_BOILER_WOOD	0.0	0.0	0.0	20	1.0	0.0	1.0	0.0	0.0
SA-SC	TS_DEC_BOILER_OIL	0.0	0.0	0.0	20	1.0	0.0	1.0	0.0	0.0
SA-SC	TS_DHN_DAILY	0.0	0.0	0.0	40	1.0	0.0	1.0	0.0	0.0
SA-SC	TS_DHN_SEASONAL	0.0	0.0	0.0	25	1.0	0.0	1.0	0.0	0.0
SA-SC	TS_HIGH_TEMP	0.0	0.0	0.0	25	1.0	0.0	1.0	0.0	0.0
SA-SC	GAS_STORAGE	0.0	0.0	0.0	50	1.0	0.0	1.0	0.0	0.0
SA-SC	H2_STORAGE	6.19	0.39	0.0	20	1.0	0.0	1.0	0.0	0.0
SA-SC	DIESEL_STORAGE	0.01	0.000397	0.0	20	1.0	0.0	1.0	21.71687	21.71688
SA-SC	JET_FUEL_STORAGE	0.01	0.000397	0.0	20	1.0	0.0	1.0	0.0	0.0
SA-SC	GASOLINE_STORAGE	0.01	0.000397	0.0	20	1.0	0.0	1.0	10.49971	10.49972342
SA-SC	LFO_STORAGE	0.01	0.000397	0.0	20	1.0	0.0	1.0	0.0	0.0
SA-SC	AMMONIA_STORAGE	0.0	0.0	0.0	20	1.0	0.0	1.0	0.0	0.0
SA-SC	METHANOL_STORAGE	0.0	0.0	0.0	20	1.0	0.0	1.0	0.0	0.0
SA-SC	PT_STORAGE	36.9568	0.3695	0.0	25	1.0	0.0	1.0	0.0	0.0
SA-SC	ST_STORAGE	19.099	0.1909	0.0	25	1.0	0.0	1.0	0.0	0.0
SA-SC	TS_COLD	0.0	0.0	0.0	20	1.0	0.0	1.0	0.0	0.0
SA-SC	CO2_STORAGE	49.5	0.495	0.0	30	1.0	0.0	1.0	0.0	0.0
SA-SC	STOVE_WOOD	53.65514911	1.60965447	75.0	10	0.1875	0.0	1.0	0.032447444	Infinity
SA-SC	STOVE_LPG	52.20521443	1.33859524	75.0	10	0.1875	0.0	1.0	0.068577323	0.068578323
SA-SC	STOVE_NG	70.48592219	1.80733134	75.0	10	0.1875	0.0	1.0	0.001984948	0.001985948
SA-SC	STOVE_OIL	17.37818595	0.52134558	75.0	10	0.1875	0.0	1.0	0.0	0.0
SA-SC	STOVE_ELEC	20.60357726	0.51508943	75.0	10	0.1875	0.0	1.0	0.0	0.0
SA-SC	PLANE	1456.05	39.82	0.0	35	0.114155251	0.0	1.0	0.0	0.0
SA-SC	FERMENTATION_TO_BIOETHANOL	2554.01	116.0842435	0.0	25	0.92	0.0	1.0	0.0	0.0
SA-SC	ESTERIFICATION_TO_BIODIESEL	2554.01	116.0842435	0.0	25	0.8449	0.0	1.0	0.0	0.0
SA-SC	IND_BOILER_DIESEL	171.6964771	4.29241193	516.55	25	0.9	0.0	1.0	0.0	0.0
SA-SC	IND_BOILER_LPG	70.67	1.415862909	12.32	17	0.9443	0.0	1.0	0.0	0.0
SA-SC	LPG_STORAGE	0.01	0.000397	0.0	20	1.0	0.0	1.0	0.434863	0.43487275
SA-SC	LNG_STORAGE	0.01	0.000397	0.0	20	1.0	0.0	1.0	18.61799	18.618
SA-SC	CAR_FG_PRIVATE	315.1175424	18.90705254	0.0	10	0.1343125	0.0	1.0	0.0	0.0
SA-SC	BUS_FG_PRIVATE	220.8150238	11.04075119	0.0	15	0.48372222	0.0	1.0	0.0	0.0
SA-SC	PICKUP_TRUCK_FG_PRIVATE	543.3648433	32.6018906	0.0	10	0.1343125	0.0	1.0	0.0	0.0
SA-SC	SUV_FG_PRIVATE	478.6379968	28.71827981	0.0	10	0.1343125	0.0	1.0	0.0	0.0
SA-SC	MOTORCYCLE_FG_PRIVATE	43.78260167	2.6269561	0.0	10	0.01989583	0.0	1.0	0.0	0.0
SA-SC	CAR_FG_PUBLIC	315.1175424	18.90705254	0.0	10	0.1343125	0.0	1.0	0.0	0.0
SA-SC	BUS_FG_PUBLIC	220.8150238	11.04075119	0.0	15	0.48372222	0.0	1.0	0.0	0.0
SA-SC	PICKUP_TRUCK_FG_PUBLIC	543.3648433	32.6018906	0.0	10	0.1343125	0.0	1.0	0.0	0.0
SA-SC	SUV_FG_PUBLIC	478.6379968	28.71827981	0.0	10	0.1343125	0.0	1.0	0.0	0.0
SA-SC	MOTORCYCLE_FG_PUBLIC	43.78260167	2.6269561	0.0	10	0.01989583	0.0	1.0	0.0	0.0
SA-SC	CAR_GASOLINE_PRIVATE	301.4908378	18.08945027	0.0	10	0.1343125	0.0	1.0	0.0	0.0
SA-SC	BUS_GASOLINE_PRIVATE	209.8512498	10.49256249	0.0	15	0.48372222	0.0	1.0	0.0	0.0
SA-SC	PICKUP_TRUCK_GASOLINE_PRIVATE	529.7381388	31.78428833	0.0	10	0.1343125	0.0	1.0	0.0	0.0
SA-SC	SUV_GASOLINE_PRIVATE	465.0112923	27.90067754	0.0	10	0.1343125	0.0	1.0	0.0	0.0
SA-SC	MOTORCYCLE_GASOLINE_PRIVATE	26.61295396	1.59677724	0.0	10	0.01989583	0.0	1.0	0.0	0.0
SA-SC	CAR_GASOLINE_PUBLIC	301.4908378	18.08945027	0.0	10	0.1343125	0.0	1.0	0.0	0.0
SA-SC	BUS_GASOLINE_PUBLIC	209.8512498	10.49256249	0.0	15	0.48372222	0.0	1.0	0.0	0.0
SA-SC	PICKUP_TRUCK_GASOLINE_PUBLIC	529.7381388	31.78428833	0.0	10	0.1343125	0.0	1.0	0.0	0.0
SA-SC	SUV_GASOLINE_PUBLIC	465.0112923	27.90067754	0.0	10	0.1343125	0.0	1.0	0.0	0.0
SA-SC	MOTORCYCLE_GASOLINE_PUBLIC	26.61295396	1.59677724	0.0	10	0.01989583	0.0	1.0	0.0	0.0
SA-SC	CAR_DIESEL_PRIVATE	301.4908378	18.08945027	0.0	10	0.1343125	0.0	1.0	0.0	0.0
SA-SC	BUS_DIESEL_PRIVATE	209.8512498	10.49256249	0.0	15	0.48372222	0.0	1.0	0.0	0.0
SA-SC	PICKUP_TRUCK_DIESEL_PRIVATE	529.7381388	31.78428833	0.0	10	0.1343125	0.0	1.0	0.0	0.0
SA-SC	SUV_DIESEL_PRIVATE	465.0112923	27.90067754	0.0	10	0.1343125	0.0	1.0	0.0	0.0
SA-SC	MOTORCYCLE_DIESEL_PRIVATE	26.61295396	1.59677724	0.0	10	0.01989583	0.0	1.0	0.0	0.0
SA-SC	CAR_DIESEL_PUBLIC	301.4908378	18.08945027	0.0	10	0.1343125	0.0	1.0	0.0	0.0
SA-SC	BUS_DIESEL_PUBLIC	209.8512498	10.49256249	0.0	15	0.48372222	0.0	1.0	0.0	0.0
SA-SC	PICKUP_TRUCK_DIESEL_PUBLIC	529.7381388	31.78428833	0.0	10	0.1343125	0.0	1.0	0.0	0.0
SA-SC	SUV_DIESEL_PUBLIC	465.0112923	27.90067754	0.0	10	0.1343125	0.0	1.0	0.0	0.0
SA-SC	MOTORCYCLE_DIESEL_PUBLIC	26.61295396	1.59677724	0.0	10	0.01989583	0.0	1.0	0.0	0.0
SA-SC	TRUCK_FG	250.4310952	12.52155476	0.0	15	0.01805556	0.0	1.0	0.0	Infinity
SA-SC	VAN_FG	532.9439084	31.9766345	0.0	10	0.0203125	0.0	1.0	0.0	0.0
SA-SC	CARGO_MOTORCYCLE_FG	85.41899738	5.12513984	0.0	10	0.01075	0.0	1.0	0.0	0.0
SA-SC	TRUCK_GASOLINE	245.90751	12.2953755	0.0	15	0.01805556	0.0	1.0	0.0	Infinity
SA-SC	VAN_GASOLINE	513.3773583	30.8026415	0.0	10	0.0203125	0.0	1.0	0.0	0.0
SA-SC	CARGO_MOTORCYCLE_GASOLINE	51.07970195	3.06478212	0.0	10	0.01075	0.0	1.0	0.0	0.0
SA-SC	TRUCK_DIESEL_P	245.90751	12.2953755	0.0	15	0.01805556	0.0	1.0	0.0	Infinity
SA-SC	VAN_DIESEL	513.3773583	30.8026415	0.0	10	0.0203125	0.0	1.0	0.0	0.0
SA-SC	CARGO_MOTORCYCLE_DIESEL	51.07970195	3.06478212	0.0	10	0.01075	0.0	1.0	0.0	0.0
SA-SC	CONVENTIONAL_BULB	0.1444041	0.0	0.0	5	1.0	0.220602273	0.787865261	0.0	Infinity
SA-SC	LED_BULB	0.60161002	0.0	0.0	10	1.0	0.059397727	0.212134739	0.0	Infinity
SA-SC	CONVENTIONAL_LIGHT	1598.242939	1559.087767	0.0	5	1.0	0.0	1.0	0.0	Infinity
SA-SC	LED_LIGHT	2187.69928	431.5978112	0.0	10	1.0	0.0	1.0	0.0	0.0
SA-SC	REFRIGERATOR_EL	5.96e-05	0.0	0.0	15	1.0	0.0	1.0	0.0	0.0
SA-SC	COMM_MACHINERY_DIESEL	0.08519203	0.00127788	0.0	25	1.0	0.0	1.0	0.0	0.0
SA-SC	COMM_MACHINERY_EL	0.06278883	0.00094183	0.0	12	1.0	0.0	1.0	0.0	0.0
SA-SC	IND_MACHINERY_EL	0.06278883	0.00094183	0.0	17	1.0	0.0	1.0	0.0	0.0
SA-SC	TRACTOR_DIESEL	0.321277296	0.01606386	0.0	15	1.0	0.0	1.0	0.0	0.0
SA-SC	AGR_MACHINERY_DIESEL	0.14693009	0.00220395	0.0	25	1.0	0.0	1.0	0.0	0.0
SA-SC	AGR_MACHINERY_EL	0.19650578	0.00294759	0.0	12	1.0	0.0	1.0	0.0	0.0
SA-SC	MIN_MACHINERY_DIESEL	0.08519203	0.00127788	0.0	25	1.0	0.0	1.0	0.0	0.0
SA-SC	MIN_MACHINERY_EL	0.06278883	0.00094183	0.0	17	1.0	0.0	1.0	0.0	0.0
SA-SC	FISH_MACHINERY_DIESEL	0.08519203	0.00127788	0.0	25	1.0	0.0	1.0	0.0	0.0
SA-SC	FISH_MACHINERY_EL	0.06278883	0.00094183	0.0	12	1.0	0.0	1.0	0.0	0.0
SA-SC	TRACTOR_EL	1.34690901	0.06734545	0.0	15	1.0	0.0	1.0	0.0	0.0
SA-SC	BUS_ELEC_PUBLIC	438.779886	8.77559772	0.0	15	0.48372222	0.0	1.0	0.0	0.0
SA-SC	BUS_ELEC_PRIVATE	438.779886	8.77559772	0.0	15	0.48372222	0.0	1.0	0.0	0.0
SA-SC	PICKUP_TRUCK_ELEC_PUBLIC	0.0	0.0	0.0	10	0.0	0.0	1.0	0.0	0.0
SA-SC	PICKUP_TRUCK_ELEC_PRIVATE	0.0	0.0	0.0	10	0.0	0.0	1.0	0.0	0.0
SA-SC	SUV_ELEC_PUBLIC	613.66	10.0	0.0	10	0.1343125	0.0	1.0	0.0	0.0
SA-SC	SUV_ELEC_PRIVATE	613.66	10.0	0.0	10	0.1343125	0.0	1.0	0.0	0.0
SA-SC	MOTORCYCLE_ELEC_PUBLIC	64.48039933	1.28960799	0.0	10	0.01989583	0.0	1.0	0.0	0.0
SA-SC	MOTORCYCLE_ELEC_PRIVATE	64.48039933	1.28960799	0.0	10	0.01989583	0.0	1.0	0.0	0.0
SA-SC	VAN_ELEC	0.0	0.0	0.0	10	0.0	0.0	1.0	0.0	0.0
SA-SC	CARGO_MOTORCYCLE_ELEC	229.6440382	4.59288076	0.0	10	0.0203125	0.0	1.0	0.0	0.0
SA-SC	TRAIN_FREIGHT_ELEC	104.42	2.088311688	0.0	40	0.342465753	0.0	1.0	0.0	0.0
SA-SC	BOAT_FREIGHT_ELEC	216.72	0.381944444	0.0	40	0.114155251	0.0	1.0	0.0	0.0
SA-SC	FUEL_CELL	984.64	29.5392	0.0	20	1.0	0.0	1.0	0.0	0.0
SA-SC	ETHANOL_TO_FUELS	947.1675259	38.4949953	0.0	25	0.95	0.0	1.0	0.0	0.0
SA-SC	BIO_HYDROLYSIS	1811.76	123.526815	0.0	15	0.8449	0.0	1.0	0.0	0.0
SA-SC	PYROLYSIS_TO_FUELS	2593.5	72.2	0.0	25	0.8449	0.0	1.0	0.0	0.0
SA-SC	PYROLYSIS_TO_LFO	2554.01	116.0842435	0.0	25	0.8449	0.0	1.0	0.0	0.0
SA-SC	FB_ST_BIOMASS	2192.345897	43.84691793	165.33	30	0.409994599	0.0	1.0	0.0	0.0
SA-SC	CFB_ST_BIOMASS	1865.171828	37.30343656	165.33	30	0.409994599	0.0	1.0	0.0	0.0
SA-SC	BFB_ST_BIOMASS	1865.171828	37.30343656	165.33	30	0.409994599	0.0	1.0	0.0	0.0
SA-SC	REGASIFICATION	2895.92	57.91836098	0.0	25	1.0	0.0	1.0	0.005396688	0.005398
SA-SC	LIQUEFACTION	1075.899182	21.51798364	0.0	25	1.0	0.0	1.0	0.109275	0.109375
SA-SC	DIESEL_PIPELINE	0.134	0.001	0.0	55	1.0	0.0	1.0	0.0	Infinity
SA-SC	GASOLINE_PIPELINE	0.134	0.001	0.0	55	1.0	0.0	1.0	0.0	Infinity
SA-SC	LPG_PIPELINE	0.134	0.001	0.0	55	1.0	0.0	1.0	0.0	Infinity
SA-SC	LFO_PIPELINE	0.134	0.001	0.0	55	1.0	0.0	1.0	0.0	Infinity
SA-SC	JET_FUEL_PIPELINE	0.134	0.001	0.0	55	1.0	0.0	1.0	0.0	Infinity
SA-SC	SUV_ELEC_PRIVATE_BATT	0.0	0.0	0.0	1	1.0	0.0	1.0	0.0	0.0
SA-SC	MOTORCYCLE_ELEC_PRIVATE_BATT	0.0	0.0	0.0	1	1.0	0.0	1.0	0.0	0.0
SA-SC	BUS_ELEC_PUBLIC_BATT	0.0	0.0	0.0	1	1.0	0.0	1.0	0.0	0.0
SA-TJ	NUCLEAR	4845.734619	102.930986	707.88	60	0.843906	0.0	1.0	0.0	0.0
SA-TJ	NUCLEAR_SMR	4845.734619	102.930986	707.88	60	0.843906	0.0	1.0	0.0	0.0
SA-TJ	CCGT_AMMONIA	1253.082037	18.7961901	183.79	30	0.9615	0.0	1.0	0.0	0.0
SA-TJ	COAL_US	2516.71	30.0225445	331.6	35	0.865396	0.0	1.0	0.0	0.0
SA-TJ	COAL_IGCC	3245.81	49.47283735	331.6	35	0.853432	0.0	1.0	0.0	0.0
SA-TJ	BIOMASS_TO_POWER	1677.0152	69.9431	331.6	35	0.868	0.0	1.0	0.0	0.0
SA-TJ	PV_ROOFTOP	737.8867059	9.726688396	2081.43	30	1.0	0.0	1.0	0.0	0.0
SA-TJ	PV_UTILITY	1051.13	26.01945647	2081.43	30	1.0	0.0	1.0	0.0	0.0
SA-TJ	PT_COLLECTOR	4504.71429	62.65	0.0	25	1.0	0.0	1.0	0.0	0.0
SA-TJ	ST_COLLECTOR	5517.02	63.0	0.0	25	1.0	0.0	1.0	0.0	0.0
SA-TJ	PT_POWER_BLOCK	1044.57	62.65	0.0	25	1.0	0.0	1.0	0.0	0.0
SA-TJ	ST_POWER_BLOCK	768.19	63.0	0.0	25	1.0	0.0	1.0	0.0	0.0
SA-TJ	WIND_ONSHORE	1629.13	24.41867298	622.85	30	1.0	0.0	1.0	0.0	0.0
SA-TJ	WIND_OFFSHORE	4974.63	36.31492615	622.85	30	1.0	0.0	1.0	0.0	0.0
SA-TJ	HYDRO_DAM	2206.3	22.063	1262.82	100	1.0	0.0	1.0	0.0	0.0
SA-TJ	HYDRO_RIVER	2000.264	20.003	1262.82	100	1.0	0.0	1.0	0.0	0.0
SA-TJ	TIDAL_STREAM	3752.0	165.0	0.0	20	1.0	0.0	1.0	0.0	0.0
SA-TJ	TIDAL_RANGE	2867.0	178.0	0.0	40	1.0	0.0	1.0	0.0	0.0
SA-TJ	WAVE	2912.5	97.4107	0.0	25	0.3995	0.0	1.0	0.0	0.0
SA-TJ	GEOTHERMAL	3772.171603	94.30429007	24929.09	50	0.914	0.0	1.0	0.0	0.0
SA-TJ	GENSET_DIESEL	384.6	5.769001632	516.55	30	0.85	0.0	1.0	0.0	0.0
SA-TJ	OCGT	941.904649	23.54761623	183.79	30	1.0	0.0	1.0	0.02016	Infinity
SA-TJ	CCGT	1253.082037	18.7961901	183.79	30	0.85	0.0	1.0	0.0	0.0
SA-TJ	ST_BIOMASS	1716.964771	39.82614252	165.33	30	0.868	0.0	1.0	0.0	0.0
SA-TJ	ST_SNG	982.1038492	14.73155774	1024.32	30	0.868	0.0	1.0	0.0	0.0
SA-TJ	CCGT_SUR	1253.082037	18.7961901	183.79	30	0.85	0.0	1.0	0.0	0.0
SA-TJ	IND_COGEN_GAS	1528.1	98.22449611	1024.32	25	0.8449	0.0	1.0	0.0	0.0
SA-TJ	IND_COGEN_WOOD	1172.95	42.94466341	165.33	25	0.8449	0.0	1.0	0.0	0.0
SA-TJ	IND_COGEN_WASTE	3182.91	117.3386515	647.82	25	0.8449	0.0	1.0	0.0	0.0
SA-TJ	IND_BOILER_GAS	70.67	1.415862909	12.32	17	0.9443	0.0	1.0	0.0	0.0
SA-TJ	IND_BOILER_WOOD	138.22	2.764303774	28.87	17	0.8946	0.0	1.0	0.0	Infinity
SA-TJ	IND_BOILER_BIOWASTE	138.22	2.764303774	28.87	17	0.8946	0.0	1.0	0.0	0.0
SA-TJ	IND_BOILER_OIL	65.83	1.415862909	12.32	17	0.9443	0.0	1.0	0.0	0.0
SA-TJ	IND_BOILER_COAL	138.22	2.764303774	48.18	17	0.8946	0.0	1.0	0.0	0.0
SA-TJ	IND_BOILER_WASTE	138.22	2.764303774	28.87	17	0.8946	0.0	1.0	0.0	0.0
SA-TJ	IND_DIRECT_ELEC	387.73	1.758903768	1.47	15	0.9443	0.0	1.0	0.0	0.0
SA-TJ	DHN_HP_ELEC	395.73	13.41870073	174.79	25	0.9443	0.0	1.0	0.0	0.0
SA-TJ	DHN_COGEN_GAS	1361.46	39.80624675	490.88	25	0.8449	0.0	1.0	0.0	0.0
SA-TJ	DHN_COGEN_WOOD	1172.95	42.94466341	165.33	25	0.8449	0.0	1.0	0.0	0.0
SA-TJ	DHN_COGEN_WASTE	3182.91	117.3386515	647.82	25	0.8449	0.0	1.0	0.0	0.0
SA-TJ	DHN_BOILER_GAS	70.67	1.415862909	12.32	17	0.9443	0.0	1.0	0.0	Infinity
SA-TJ	DHN_BOILER_WOOD	138.22	2.764303774	28.87	17	0.8946	0.0	1.0	0.0	0.0
SA-TJ	DHN_BOILER_OIL	65.83	1.415862909	12.32	17	0.9443	0.0	1.0	0.0	Infinity
SA-TJ	DHN_DEEP_GEO	1611.94	60.39529412	808.76	30	0.8449	0.0	1.0	0.0	0.0
SA-TJ	DHN_SOLAR	381.37	0.449838889	221.22	30	1.0	0.0	1.0	0.0	0.0
SA-TJ	DEC_HP_ELEC	564.78	23.54819613	164.89	18	1.0	0.0	1.0	0.0	0.0
SA-TJ	DEC_THHP_GAS	362.35	10.59040315	381.93	20	1.0	0.0	1.0	0.0	0.0
SA-TJ	DEC_COGEN_GAS	1528.1	98.22449611	1024.32	20	1.0	0.0	1.0	0.0	0.0
SA-TJ	DEC_COGEN_OIL	1416.89	86.93215515	1024.32	20	1.0	0.0	1.0	0.0	0.0
SA-TJ	DEC_ADVCOGEN_GAS	9185.33	171.1804817	2193.45	20	1.0	0.0	1.0	0.0	0.0
SA-TJ	DEC_ADVCOGEN_H2	9185.33	171.1804817	2193.45	20	1.0	0.0	1.0	0.0	0.0
SA-TJ	DEC_BOILER_GAS	190.24	5.708399663	21.09	17	1.0	0.0	1.0	0.0	Infinity
SA-TJ	DEC_BOILER_WOOD	554.93	19.41754846	21.09	17	1.0	0.0	1.0	0.0	0.0
SA-TJ	DEC_BOILER_OIL	170.86	10.24815058	21.09	17	1.0	0.0	1.0	0.0	0.0
SA-TJ	DEC_SOLAR	757.56	8.405281393	221.22	25	1.0	0.0	1.0	0.0	0.0
SA-TJ	DEC_DIRECT_ELEC	43.61	0.190627801	1.47	15	1.0	0.0	1.0	0.0	0.0
SA-TJ	DEC_ELEC_COLD	528.88	22.1	164.89	20	1.0	0.0	1.0	0.0	0.0
SA-TJ	DEC_THHP_GAS_COLD	339.33	9.9	381.93	20	1.0	0.0	1.0	0.0	0.0
SA-TJ	IND_ELEC_COLD	664.97	5.4	174.79	20	0.95	0.0	1.0	0.0	0.0
SA-TJ	TRAMWAY_TROLLEY	625.0	12.5	0.0	30	0.342465753	0.0	1.0	0.0	0.0
SA-TJ	BUS_COACH_DIESEL	0.0	0.0	0.0	15	0.483722222	0.0	1.0	0.0	0.0
SA-TJ	BUS_COACH_HYDIESEL	822.56	33.33333333	0.0	15	0.483722222	0.0	1.0	0.0	0.0
SA-TJ	BUS_COACH_CNG_STOICH	0.0	0.0	0.0	15	0.483722222	0.0	1.0	0.0	0.0
SA-TJ	BUS_COACH_FC_HYBRIDH2	1114.04	31.25	0.0	15	0.483722222	0.0	1.0	0.0	0.0
SA-TJ	TRAIN_PUB	1506.02	54.35274934	0.0	40	0.275072894	0.0	1.0	0.0	0.0
SA-TJ	PLANE_SHORT_HAUL	1456.05	39.82	0.0	35	0.4999	0.0	1.0	0.0	0.0
SA-TJ	PLANE_H2_SHORT_HAUL	1639.69	44.84	0.0	35	0.4999	0.0	1.0	0.0	0.0
SA-TJ	PLANE_LONG_HAUL	1343.77	36.75	0.0	35	0.5374	0.0	1.0	0.0	0.0
SA-TJ	CAR_GASOLINE	0.0	0.0	0.0	10	0.1343125	0.0	1.0	0.0	0.0
SA-TJ	CAR_DIESEL	0.0	0.0	0.0	10	0.1343125	0.0	1.0	0.0	0.0
SA-TJ	CAR_NG	0.0	0.0	0.0	10	0.1343125	0.0	1.0	0.0	0.0
SA-TJ	CAR_METHANOL	0.0	0.0	0.0	10	0.1343125	0.0	1.0	0.0	0.0
SA-TJ	CAR_HEV	423.86	34.0	0.0	10	0.1343125	0.0	1.0	0.0	0.0
SA-TJ	CAR_PHEV	473.46	34.0	0.0	10	0.1343125	0.0	1.0	0.0	0.0
SA-TJ	CAR_BEV	380.3142753	7.606285505	0.0	10	0.1343125	0.0	1.0	0.0	0.0
SA-TJ	CAR_FUEL_CELL	1500.1072	14.124	0.0	10	0.1343125	0.0	1.0	0.0	0.0
SA-TJ	TRAIN_FREIGHT	104.42	2.088311688	0.0	40	0.342465753	0.0	1.0	0.0	0.0
SA-TJ	BOAT_FREIGHT_DIESEL	72.24	3.819444444	0.0	40	0.114155251	0.0	1.0	0.0	Infinity
SA-TJ	BOAT_FREIGHT_NG	73.13	3.819444444	0.0	40	0.114155251	0.0	1.0	0.0	0.0
SA-TJ	BOAT_FREIGHT_METHANOL	0.0	0.0	0.0	40	0.114155251	0.0	1.0	0.0	0.0
SA-TJ	CARGO_LFO	0.0	0.0	0.0	40	0.739666854	0.0	1.0	0.0	0.0
SA-TJ	CARGO_LNG	0.0	0.0	0.0	40	0.739666854	0.0	1.0	0.0	0.0
SA-TJ	CARGO_METHANOL	0.0	0.0	0.0	40	0.739666854	0.0	1.0	0.0	0.0
SA-TJ	CARGO_AMMONIA	0.0	0.0	0.0	40	0.739666854	0.0	1.0	0.0	0.0
SA-TJ	CARGO_FUELCELL_LH2	0.0	0.0	0.0	40	0.739666854	0.0	1.0	0.0	0.0
SA-TJ	CARGO_FUELCELL_AMMONIA	0.0	0.0	0.0	40	0.739666854	0.0	1.0	0.0	0.0
SA-TJ	CARGO_RETRO_METHANOL	0.0	0.0	0.0	40	0.739666854	0.0	1.0	0.0	0.0
SA-TJ	CARGO_RETRO_AMMONIA	0.0	0.0	0.0	40	0.739666854	0.0	1.0	0.0	0.0
SA-TJ	TRUCK_DIESEL	0.0	0.0	0.0	15	0.01805556	0.0	1.0	0.0	0.0
SA-TJ	TRUCK_METHANOL	0.0	0.0	0.0	15	0.01805556	0.0	1.0	0.0	0.0
SA-TJ	TRUCK_FUEL_CELL	430.17	12.06666667	0.0	15	0.01805556	0.0	1.0	0.0	0.0
SA-TJ	TRUCK_ELEC	878.38	23.13333333	0.0	15	0.01805556	0.0	1.0	0.0	0.0
SA-TJ	TRUCK_NG	355.28	18.55555556	0.0	15	0.01805556	0.0	1.0	0.0	0.0
SA-TJ	EFFICIENCY	0.0	0.0	0.0	1	1.0	0.0	1.0	0.0	Infinity
SA-TJ	DHN	825.88	0.0	0.0	60	1.0	0.0	1.0	0.0	0.0
SA-TJ	GRID	810.19	0.0	0.0	80	1.0	0.0	1.0	0.0	Infinity
SA-TJ	HVAC_LINE	2.0	0.04	0.0	40	1.0	0.0	1.0	0.0	Infinity
SA-TJ	HVDC_SUBSEA	3.24	0.06	0.0	40	1.0	0.0	1.0	0.0	0.0
SA-TJ	GAS_PIPELINE	0.134	0.001	0.0	55	1.0	0.0	1.0	0.0	Infinity
SA-TJ	GAS_SUBSEA	0.208	0.002	0.0	55	1.0	0.0	1.0	0.0	0.0
SA-TJ	H2_RETROFITTED	0.355973417	0.005	0.0	40	1.0	0.0	1.0	0.0	0.0
SA-TJ	H2_NEW	0.452	0.005	0.0	40	1.0	0.0	1.0	0.0	0.0
SA-TJ	H2_SUBSEA_RETRO	0.533066683	0.007	0.0	40	1.0	0.0	1.0	0.0	0.0
SA-TJ	H2_SUBSEA_NEW	0.726	0.007	0.0	40	1.0	0.0	1.0	0.0	0.0
SA-TJ	H2_ELECTROLYSIS	2784.81	76.58227848	0.0	15	0.8946	0.0	1.0	0.0	0.0
SA-TJ	H2_NG	775.33	71.54781261	0.0	25	0.85484	0.0	1.0	0.0	0.0
SA-TJ	H2_BIOMASS	4798.23	338.0304591	0.0	25	0.85484	0.0	1.0	0.0	0.0
SA-TJ	BIOMASS_TO_METHANE	3082.8512	173.8128468	0.0	25	0.85	0.0	1.0	0.0	0.0
SA-TJ	BIOWASTE_TO_METHANE	3082.8512	173.8128468	0.0	25	0.85	0.0	1.0	0.0	0.0
SA-TJ	SYN_METHANATION	349.6	89.32368421	0.0	40	1.0	0.0	1.0	0.0	0.0
SA-TJ	BIOMETHANATION_WET_BIOMASS	1122.22	15.54545455	0.0	20	0.8449	0.0	1.0	0.0	0.0
SA-TJ	BIOMETHANATION_BIOWASTE	1122.22	15.54545455	0.0	20	0.8449	0.0	1.0	0.0	0.0
SA-TJ	BIOMASS_TO_JET_FUEL	6046.9153	166.9735	0.0	25	0.91	0.0	1.0	0.0	0.0
SA-TJ	BIOMASS_TO_LFO	6046.9153	166.9735	0.0	25	0.91	0.0	1.0	0.0	0.0
SA-TJ	BIOWASTE_TO_JET_FUEL	6046.9153	250.46025	0.0	25	0.91	0.0	1.0	0.0	0.0
SA-TJ	BIOWASTE_TO_LFO	6046.9153	250.46025	0.0	25	0.91	0.0	1.0	0.0	0.0
SA-TJ	DIESEL_TO_JET_FUEL	0.0	0.0	0.0	25	1.0	0.0	1.0	0.0	0.0
SA-TJ	ATM_CCS	5342.73	132.624	0.0	40	1.0	0.0	1.0	0.0	0.0
SA-TJ	INDUSTRY_CCS	2671.37	66.312	0.0	40	1.0	0.0	1.0	0.0	0.0
SA-TJ	SYN_METHANOLATION	0.0	0.0	0.0	20	0.9443	0.0	1.0	0.0	0.0
SA-TJ	METHANE_TO_METHANOL	0.0	0.0	0.0	25	0.8449	0.0	1.0	0.0	0.0
SA-TJ	BIOMASS_TO_METHANOL	0.0	0.0	0.0	20	0.994	0.0	1.0	0.0	0.0
SA-TJ	BIOWASTE_TO_METHANOL	0.0	94.248	0.0	20	1.0	0.0	1.0	0.0	0.0
SA-TJ	HABER_BOSCH	0.0	0.0	0.0	20	0.994	0.0	1.0	0.0	0.0
SA-TJ	POWER_TO_JET_FUEL	3804.508764	288.1851693	0.0	25	0.91	0.0	1.0	0.0	0.0
SA-TJ	POWER_TO_LFO	3804.508764	288.1851693	0.0	25	0.91	0.0	1.0	0.0	0.0
SA-TJ	H2_TO_JET_FUEL	2445.720694	149.5353034	0.0	25	0.91	0.0	1.0	0.0	0.0
SA-TJ	H2_TO_LFO	2445.720694	149.5353034	0.0	25	0.91	0.0	1.0	0.0	0.0
SA-TJ	AMMONIA_TO_H2	0.0	0.0	0.0	25	0.994	0.0	1.0	0.0	0.0
SA-TJ	OIL_TO_HVC	449.55	2.390016639	0.0	15	0.994	0.0	1.0	0.0	Infinity
SA-TJ	GAS_TO_HVC	907.75	22.69375242	0.0	25	0.994	0.0	1.0	0.0	0.0
SA-TJ	BIOMASS_TO_HVC	3311.7	98.8	0.0	20	0.994	0.0	1.0	0.0	0.0
SA-TJ	METHANOL_TO_HVC	0.0	0.0	0.0	20	1.0	0.0	1.0	0.0	0.0
SA-TJ	BATT_LI	501.3	0.775025166	61.3	15	1.0	0.0	1.0	0.0	0.0
SA-TJ	CAES	38.938	3.1799	0.0	50	1.0	0.0	1.0	0.0	0.0
SA-TJ	BEV_BATT	0.0	0.0	0.0	1	1.0	0.0	1.0	0.0	0.0
SA-TJ	PHEV_BATT	0.0	0.0	0.0	1	1.0	0.0	1.0	0.0	0.0
SA-TJ	DAM_STORAGE	0.0	0.0	0.0	100	1.0	0.0	1.0	0.0	0.0
SA-TJ	PHS	58.8	0.0	8.33	50	1.0	0.0	1.0	0.0	0.0
SA-TJ	TS_DEC_DIRECT_ELEC	0.0	0.0	0.0	20	1.0	0.0	1.0	0.0	0.0
SA-TJ	TS_DEC_HP_ELEC	0.0	0.0	0.0	20	1.0	0.0	1.0	0.0	0.0
SA-TJ	TS_DEC_THHP_GAS	0.0	0.0	0.0	20	1.0	0.0	1.0	0.0	0.0
SA-TJ	TS_DEC_COGEN_GAS	0.0	0.0	0.0	20	1.0	0.0	1.0	0.0	0.0
SA-TJ	TS_DEC_COGEN_OIL	0.0	0.0	0.0	20	1.0	0.0	1.0	0.0	0.0
SA-TJ	TS_DEC_ADVCOGEN_GAS	0.0	0.0	0.0	20	1.0	0.0	1.0	0.0	0.0
SA-TJ	TS_DEC_ADVCOGEN_H2	0.0	0.0	0.0	20	1.0	0.0	1.0	0.0	0.0
SA-TJ	TS_DEC_BOILER_GAS	0.0	0.0	0.0	20	1.0	0.0	1.0	0.0	0.0
SA-TJ	TS_DEC_BOILER_WOOD	0.0	0.0	0.0	20	1.0	0.0	1.0	0.0	0.0
SA-TJ	TS_DEC_BOILER_OIL	0.0	0.0	0.0	20	1.0	0.0	1.0	0.0	0.0
SA-TJ	TS_DHN_DAILY	0.0	0.0	0.0	40	1.0	0.0	1.0	0.0	0.0
SA-TJ	TS_DHN_SEASONAL	0.0	0.0	0.0	25	1.0	0.0	1.0	0.0	0.0
SA-TJ	TS_HIGH_TEMP	0.0	0.0	0.0	25	1.0	0.0	1.0	0.0	0.0
SA-TJ	GAS_STORAGE	0.0	0.0	0.0	50	1.0	0.0	1.0	0.0	0.0
SA-TJ	H2_STORAGE	6.19	0.39	0.0	20	1.0	0.0	1.0	0.0	0.0
SA-TJ	DIESEL_STORAGE	0.01	0.000397	0.0	20	1.0	0.0	1.0	0.0	0.0
SA-TJ	JET_FUEL_STORAGE	0.01	0.000397	0.0	20	1.0	0.0	1.0	0.0	0.0
SA-TJ	GASOLINE_STORAGE	0.01	0.000397	0.0	20	1.0	0.0	1.0	0.0	0.0
SA-TJ	LFO_STORAGE	0.01	0.000397	0.0	20	1.0	0.0	1.0	0.0	0.0
SA-TJ	AMMONIA_STORAGE	0.0	0.0	0.0	20	1.0	0.0	1.0	0.0	0.0
SA-TJ	METHANOL_STORAGE	0.0	0.0	0.0	20	1.0	0.0	1.0	0.0	0.0
SA-TJ	PT_STORAGE	36.9568	0.3695	0.0	25	1.0	0.0	1.0	0.0	0.0
SA-TJ	ST_STORAGE	19.099	0.1909	0.0	25	1.0	0.0	1.0	0.0	0.0
SA-TJ	TS_COLD	0.0	0.0	0.0	20	1.0	0.0	1.0	0.0	0.0
SA-TJ	CO2_STORAGE	49.5	0.495	0.0	30	1.0	0.0	1.0	0.0	0.0
SA-TJ	STOVE_WOOD	53.65514911	1.60965447	75.0	10	0.1875	0.0	1.0	0.012364992	Infinity
SA-TJ	STOVE_LPG	52.20521443	1.33859524	75.0	10	0.1875	0.0	1.0	0.003912796	0.003913796
SA-TJ	STOVE_NG	70.48592219	1.80733134	75.0	10	0.1875	0.0	1.0	0.00011234	0.00011334
SA-TJ	STOVE_OIL	17.37818595	0.52134558	75.0	10	0.1875	0.0	1.0	0.0	0.0
SA-TJ	STOVE_ELEC	20.60357726	0.51508943	75.0	10	0.1875	0.0	1.0	0.0	0.0
SA-TJ	PLANE	1456.05	39.82	0.0	35	0.114155251	0.0	1.0	0.0	0.0
SA-TJ	FERMENTATION_TO_BIOETHANOL	2554.01	116.0842435	0.0	25	0.92	0.0	1.0	0.0	0.0
SA-TJ	ESTERIFICATION_TO_BIODIESEL	2554.01	116.0842435	0.0	25	0.8449	0.0	1.0	0.0	0.0
SA-TJ	IND_BOILER_DIESEL	171.6964771	4.29241193	516.55	25	0.9	0.0	1.0	0.0	0.0
SA-TJ	IND_BOILER_LPG	70.67	1.415862909	12.32	17	0.9443	0.0	1.0	0.0	0.0
SA-TJ	LPG_STORAGE	0.01	0.000397	0.0	20	1.0	0.0	1.0	0.0	0.0
SA-TJ	LNG_STORAGE	0.01	0.000397	0.0	20	1.0	0.0	1.0	0.0	0.0
SA-TJ	CAR_FG_PRIVATE	315.1175424	18.90705254	0.0	10	0.1343125	0.0	1.0	0.0	0.0
SA-TJ	BUS_FG_PRIVATE	220.8150238	11.04075119	0.0	15	0.48372222	0.0	1.0	0.0	0.0
SA-TJ	PICKUP_TRUCK_FG_PRIVATE	543.3648433	32.6018906	0.0	10	0.1343125	0.0	1.0	0.0	0.0
SA-TJ	SUV_FG_PRIVATE	478.6379968	28.71827981	0.0	10	0.1343125	0.0	1.0	0.0	0.0
SA-TJ	MOTORCYCLE_FG_PRIVATE	43.78260167	2.6269561	0.0	10	0.01989583	0.0	1.0	0.0	0.0
SA-TJ	CAR_FG_PUBLIC	315.1175424	18.90705254	0.0	10	0.1343125	0.0	1.0	0.0	0.0
SA-TJ	BUS_FG_PUBLIC	220.8150238	11.04075119	0.0	15	0.48372222	0.0	1.0	0.0	0.0
SA-TJ	PICKUP_TRUCK_FG_PUBLIC	543.3648433	32.6018906	0.0	10	0.1343125	0.0	1.0	0.0	0.0
SA-TJ	SUV_FG_PUBLIC	478.6379968	28.71827981	0.0	10	0.1343125	0.0	1.0	0.0	0.0
SA-TJ	MOTORCYCLE_FG_PUBLIC	43.78260167	2.6269561	0.0	10	0.01989583	0.0	1.0	0.0	0.0
SA-TJ	CAR_GASOLINE_PRIVATE	301.4908378	18.08945027	0.0	10	0.1343125	0.0	1.0	0.0	0.0
SA-TJ	BUS_GASOLINE_PRIVATE	209.8512498	10.49256249	0.0	15	0.48372222	0.0	1.0	0.0	0.0
SA-TJ	PICKUP_TRUCK_GASOLINE_PRIVATE	529.7381388	31.78428833	0.0	10	0.1343125	0.0	1.0	0.0	0.0
SA-TJ	SUV_GASOLINE_PRIVATE	465.0112923	27.90067754	0.0	10	0.1343125	0.0	1.0	0.0	0.0
SA-TJ	MOTORCYCLE_GASOLINE_PRIVATE	26.61295396	1.59677724	0.0	10	0.01989583	0.0	1.0	0.0	0.0
SA-TJ	CAR_GASOLINE_PUBLIC	301.4908378	18.08945027	0.0	10	0.1343125	0.0	1.0	0.0	0.0
SA-TJ	BUS_GASOLINE_PUBLIC	209.8512498	10.49256249	0.0	15	0.48372222	0.0	1.0	0.0	0.0
SA-TJ	PICKUP_TRUCK_GASOLINE_PUBLIC	529.7381388	31.78428833	0.0	10	0.1343125	0.0	1.0	0.0	0.0
SA-TJ	SUV_GASOLINE_PUBLIC	465.0112923	27.90067754	0.0	10	0.1343125	0.0	1.0	0.0	0.0
SA-TJ	MOTORCYCLE_GASOLINE_PUBLIC	26.61295396	1.59677724	0.0	10	0.01989583	0.0	1.0	0.0	0.0
SA-TJ	CAR_DIESEL_PRIVATE	301.4908378	18.08945027	0.0	10	0.1343125	0.0	1.0	0.0	0.0
SA-TJ	BUS_DIESEL_PRIVATE	209.8512498	10.49256249	0.0	15	0.48372222	0.0	1.0	0.0	0.0
SA-TJ	PICKUP_TRUCK_DIESEL_PRIVATE	529.7381388	31.78428833	0.0	10	0.1343125	0.0	1.0	0.0	0.0
SA-TJ	SUV_DIESEL_PRIVATE	465.0112923	27.90067754	0.0	10	0.1343125	0.0	1.0	0.0	0.0
SA-TJ	MOTORCYCLE_DIESEL_PRIVATE	26.61295396	1.59677724	0.0	10	0.01989583	0.0	1.0	0.0	0.0
SA-TJ	CAR_DIESEL_PUBLIC	301.4908378	18.08945027	0.0	10	0.1343125	0.0	1.0	0.0	0.0
SA-TJ	BUS_DIESEL_PUBLIC	209.8512498	10.49256249	0.0	15	0.48372222	0.0	1.0	0.0	0.0
SA-TJ	PICKUP_TRUCK_DIESEL_PUBLIC	529.7381388	31.78428833	0.0	10	0.1343125	0.0	1.0	0.0	0.0
SA-TJ	SUV_DIESEL_PUBLIC	465.0112923	27.90067754	0.0	10	0.1343125	0.0	1.0	0.0	0.0
SA-TJ	MOTORCYCLE_DIESEL_PUBLIC	26.61295396	1.59677724	0.0	10	0.01989583	0.0	1.0	0.0	0.0
SA-TJ	TRUCK_FG	250.4310952	12.52155476	0.0	15	0.01805556	0.0	1.0	0.0	Infinity
SA-TJ	VAN_FG	532.9439084	31.9766345	0.0	10	0.0203125	0.0	1.0	0.0	0.0
SA-TJ	CARGO_MOTORCYCLE_FG	85.41899738	5.12513984	0.0	10	0.01075	0.0	1.0	0.0	0.0
SA-TJ	TRUCK_GASOLINE	245.90751	12.2953755	0.0	15	0.01805556	0.0	1.0	0.0	Infinity
SA-TJ	VAN_GASOLINE	513.3773583	30.8026415	0.0	10	0.0203125	0.0	1.0	0.0	0.0
SA-TJ	CARGO_MOTORCYCLE_GASOLINE	51.07970195	3.06478212	0.0	10	0.01075	0.0	1.0	0.0	0.0
SA-TJ	TRUCK_DIESEL_P	245.90751	12.2953755	0.0	15	0.01805556	0.0	1.0	0.0	Infinity
SA-TJ	VAN_DIESEL	513.3773583	30.8026415	0.0	10	0.0203125	0.0	1.0	0.0	0.0
SA-TJ	CARGO_MOTORCYCLE_DIESEL	51.07970195	3.06478212	0.0	10	0.01075	0.0	1.0	0.0	0.0
SA-TJ	CONVENTIONAL_BULB	0.1444041	0.0	0.0	5	1.0	0.220602273	0.787865261	0.0	Infinity
SA-TJ	LED_BULB	0.60161002	0.0	0.0	10	1.0	0.059397727	0.212134739	0.0	Infinity
SA-TJ	CONVENTIONAL_LIGHT	1598.242939	1559.087767	0.0	5	1.0	0.0	1.0	0.0	Infinity
SA-TJ	LED_LIGHT	2187.69928	431.5978112	0.0	10	1.0	0.0	1.0	0.0	0.0
SA-TJ	REFRIGERATOR_EL	5.96e-05	0.0	0.0	15	1.0	0.0	1.0	0.0	0.0
SA-TJ	COMM_MACHINERY_DIESEL	0.08519203	0.00127788	0.0	25	1.0	0.0	1.0	0.0	0.0
SA-TJ	COMM_MACHINERY_EL	0.06278883	0.00094183	0.0	12	1.0	0.0	1.0	0.0	0.0
SA-TJ	IND_MACHINERY_EL	0.06278883	0.00094183	0.0	17	1.0	0.0	1.0	0.0	0.0
SA-TJ	TRACTOR_DIESEL	0.321277296	0.01606386	0.0	15	1.0	0.0	1.0	0.0	0.0
SA-TJ	AGR_MACHINERY_DIESEL	0.14693009	0.00220395	0.0	25	1.0	0.0	1.0	0.0	0.0
SA-TJ	AGR_MACHINERY_EL	0.19650578	0.00294759	0.0	12	1.0	0.0	1.0	0.0	0.0
SA-TJ	MIN_MACHINERY_DIESEL	0.08519203	0.00127788	0.0	25	1.0	0.0	1.0	0.0	0.0
SA-TJ	MIN_MACHINERY_EL	0.06278883	0.00094183	0.0	17	1.0	0.0	1.0	0.0	0.0
SA-TJ	FISH_MACHINERY_DIESEL	0.08519203	0.00127788	0.0	25	1.0	0.0	1.0	0.0	0.0
SA-TJ	FISH_MACHINERY_EL	0.06278883	0.00094183	0.0	12	1.0	0.0	1.0	0.0	0.0
SA-TJ	TRACTOR_EL	1.34690901	0.06734545	0.0	15	1.0	0.0	1.0	0.0	0.0
SA-TJ	BUS_ELEC_PUBLIC	438.779886	8.77559772	0.0	15	0.48372222	0.0	1.0	0.0	0.0
SA-TJ	BUS_ELEC_PRIVATE	438.779886	8.77559772	0.0	15	0.48372222	0.0	1.0	0.0	0.0
SA-TJ	PICKUP_TRUCK_ELEC_PUBLIC	0.0	0.0	0.0	10	0.0	0.0	1.0	0.0	0.0
SA-TJ	PICKUP_TRUCK_ELEC_PRIVATE	0.0	0.0	0.0	10	0.0	0.0	1.0	0.0	0.0
SA-TJ	SUV_ELEC_PUBLIC	613.66	10.0	0.0	10	0.1343125	0.0	1.0	0.0	0.0
SA-TJ	SUV_ELEC_PRIVATE	613.66	10.0	0.0	10	0.1343125	0.0	1.0	0.0	0.0
SA-TJ	MOTORCYCLE_ELEC_PUBLIC	64.48039933	1.28960799	0.0	10	0.01989583	0.0	1.0	0.0	0.0
SA-TJ	MOTORCYCLE_ELEC_PRIVATE	64.48039933	1.28960799	0.0	10	0.01989583	0.0	1.0	0.0	0.0
SA-TJ	VAN_ELEC	0.0	0.0	0.0	10	0.0	0.0	1.0	0.0	0.0
SA-TJ	CARGO_MOTORCYCLE_ELEC	229.6440382	4.59288076	0.0	10	0.0203125	0.0	1.0	0.0	0.0
SA-TJ	TRAIN_FREIGHT_ELEC	104.42	2.088311688	0.0	40	0.342465753	0.0	1.0	0.0	0.0
SA-TJ	BOAT_FREIGHT_ELEC	216.72	0.381944444	0.0	40	0.114155251	0.0	1.0	0.0	0.0
SA-TJ	FUEL_CELL	984.64	29.5392	0.0	20	1.0	0.0	1.0	0.0	0.0
SA-TJ	ETHANOL_TO_FUELS	947.1675259	38.4949953	0.0	25	0.95	0.0	1.0	0.0	0.0
SA-TJ	BIO_HYDROLYSIS	1811.76	123.526815	0.0	15	0.8449	0.0	1.0	0.0	0.0
SA-TJ	PYROLYSIS_TO_FUELS	2593.5	72.2	0.0	25	0.8449	0.0	1.0	0.0	0.0
SA-TJ	PYROLYSIS_TO_LFO	2554.01	116.0842435	0.0	25	0.8449	0.0	1.0	0.0	0.0
SA-TJ	FB_ST_BIOMASS	2192.345897	43.84691793	165.33	30	0.409994599	0.0	1.0	0.0	0.0
SA-TJ	CFB_ST_BIOMASS	1865.171828	37.30343656	165.33	30	0.409994599	0.0	1.0	0.0	0.0
SA-TJ	BFB_ST_BIOMASS	1865.171828	37.30343656	165.33	30	0.409994599	0.0	1.0	0.0	0.0
SA-TJ	REGASIFICATION	2895.92	57.91836098	0.0	25	1.0	0.0	1.0	0.0	0.0
SA-TJ	LIQUEFACTION	1075.899182	21.51798364	0.0	25	1.0	0.0	1.0	0.0	0.0
SA-TJ	DIESEL_PIPELINE	0.134	0.001	0.0	55	1.0	0.0	1.0	0.0	Infinity
SA-TJ	GASOLINE_PIPELINE	0.134	0.001	0.0	55	1.0	0.0	1.0	0.0	Infinity
SA-TJ	LPG_PIPELINE	0.134	0.001	0.0	55	1.0	0.0	1.0	0.0	Infinity
SA-TJ	LFO_PIPELINE	0.134	0.001	0.0	55	1.0	0.0	1.0	0.0	Infinity
SA-TJ	JET_FUEL_PIPELINE	0.134	0.001	0.0	55	1.0	0.0	1.0	0.0	Infinity
SA-TJ	SUV_ELEC_PRIVATE_BATT	0.0	0.0	0.0	1	1.0	0.0	1.0	0.0	0.0
SA-TJ	MOTORCYCLE_ELEC_PRIVATE_BATT	0.0	0.0	0.0	1	1.0	0.0	1.0	0.0	0.0
SA-TJ	BUS_ELEC_PUBLIC_BATT	0.0	0.0	0.0	1	1.0	0.0	1.0	0.0	0.0
SIN	NUCLEAR	4845.734619	102.930986	707.88	60	0.843906	0.0	1.0	0.0	0.0
SIN	NUCLEAR_SMR	4845.734619	102.930986	707.88	60	0.843906	0.0	1.0	0.0	0.0
SIN	CCGT_AMMONIA	1253.082037	18.7961901	183.79	30	0.9615	0.0	1.0	0.0	0.0
SIN	COAL_US	2516.71	30.0225445	331.6	35	0.865396	0.0	1.0	0.0	0.0
SIN	COAL_IGCC	3245.81	49.47283735	331.6	35	0.853432	0.0	1.0	0.0	0.0
SIN	BIOMASS_TO_POWER	1677.0152	69.9431	331.6	35	0.868	0.0	1.0	0.0	0.0
SIN	PV_ROOFTOP	737.8867059	9.726688396	2081.43	30	1.0	0.0	1.0	0.0	0.0
SIN	PV_UTILITY	1051.13	26.01945647	2081.43	30	0.239327055	0.0	1.0	0.16501797	0.16501797
SIN	PT_COLLECTOR	4504.71429	62.65	0.0	25	1.0	0.0	1.0	0.0	0.0
SIN	ST_COLLECTOR	5517.02	63.0	0.0	25	1.0	0.0	1.0	0.0	0.0
SIN	PT_POWER_BLOCK	1044.57	62.65	0.0	25	1.0	0.0	1.0	0.0	0.0
SIN	ST_POWER_BLOCK	768.19	63.0	0.0	25	1.0	0.0	1.0	0.0	0.0
SIN	WIND_ONSHORE	1629.13	24.41867298	622.85	30	0.106830736	0.0	1.0	0.1278	0.1278
SIN	WIND_OFFSHORE	4974.63	36.31492615	622.85	30	1.0	0.0	1.0	0.0	0.0
SIN	HYDRO_DAM	2206.3	22.063	1262.82	100	0.415590085	0.0	1.0	0.37192	0.371921
SIN	HYDRO_RIVER	2000.264	20.003	1262.82	100	0.59092478	0.0	1.0	0.36372	0.36372
SIN	TIDAL_STREAM	3752.0	165.0	0.0	20	1.0	0.0	1.0	0.0	0.0
SIN	TIDAL_RANGE	2867.0	178.0	0.0	40	1.0	0.0	1.0	0.0	0.0
SIN	WAVE	2912.5	97.4107	0.0	25	0.3995	0.0	1.0	0.0	0.0
SIN	GEOTHERMAL	3772.171603	94.30429007	24929.09	50	0.914	0.0	1.0	0.0	0.0
SIN	GENSET_DIESEL	384.6	5.769001632	516.55	30	0.5	0.0	1.0	0.04268	Infinity
SIN	OCGT	941.904649	23.54761623	183.79	30	0.108173898	0.0	1.0	0.95801	0.95801
SIN	CCGT	1253.082037	18.7961901	183.79	30	0.408081032	0.0	1.0	1.49249	1.49249
SIN	ST_BIOMASS	1716.964771	39.82614252	165.33	30	0.409994599	0.0	1.0	0.12663	0.12663
SIN	ST_SNG	982.1038492	14.73155774	1024.32	30	0.0	0.0	1.0	0.0	0.0
SIN	CCGT_SUR	1253.082037	18.7961901	183.79	30	0.85	0.0	1.0	0.0	0.0
SIN	IND_COGEN_GAS	1528.1	98.22449611	1024.32	25	0.8449	0.0	1.0	0.0	0.0
SIN	IND_COGEN_WOOD	1172.95	42.94466341	165.33	25	0.8449	0.0	1.0	0.0	0.0
SIN	IND_COGEN_WASTE	3182.91	117.3386515	647.82	25	0.8449	0.0	1.0	0.0	0.0
SIN	IND_BOILER_GAS	70.67	1.415862909	12.32	17	0.9443	0.170239458	0.607998065	0.0	Infinity
SIN	IND_BOILER_WOOD	138.22	2.764303774	28.87	17	0.8946	0.103701959	0.37036414	0.0	Infinity
SIN	IND_BOILER_BIOWASTE	138.22	2.764303774	28.87	17	0.8946	0.0	1.0	0.0	0.0
SIN	IND_BOILER_OIL	65.83	1.415862909	12.32	17	0.9443	0.000268123	0.000957582	0.0	Infinity
SIN	IND_BOILER_COAL	138.22	2.764303774	48.18	17	0.8946	0.0	1.0	0.0	0.0
SIN	IND_BOILER_WASTE	138.22	2.764303774	28.87	17	0.8946	0.0	1.0	0.0	0.0
SIN	IND_DIRECT_ELEC	387.73	1.758903768	1.47	15	0.9443	0.0	1.0	0.0	0.0
SIN	DHN_HP_ELEC	395.73	13.41870073	174.79	25	0.9443	0.0	1.0	0.0	0.0
SIN	DHN_COGEN_GAS	1361.46	39.80624675	490.88	25	0.8449	0.0	1.0	0.0	0.0
SIN	DHN_COGEN_WOOD	1172.95	42.94466341	165.33	25	0.8449	0.0	1.0	0.0	0.0
SIN	DHN_COGEN_WASTE	3182.91	117.3386515	647.82	25	0.8449	0.0	1.0	0.0	0.0
SIN	DHN_BOILER_GAS	70.67	1.415862909	12.32	17	0.9443	0.0	1.0	0.0	0.0
SIN	DHN_BOILER_WOOD	138.22	2.764303774	28.87	17	0.8946	0.0	1.0	0.0	0.0
SIN	DHN_BOILER_OIL	65.83	1.415862909	12.32	17	0.9443	0.0	1.0	0.0	0.0
SIN	DHN_DEEP_GEO	1611.94	60.39529412	808.76	30	0.8449	0.0	1.0	0.0	0.0
SIN	DHN_SOLAR	381.37	0.449838889	221.22	30	1.0	0.0	1.0	0.0	0.0
SIN	DEC_HP_ELEC	564.78	23.54819613	164.89	18	1.0	0.0	1.0	0.0	0.0
SIN	DEC_THHP_GAS	362.35	10.59040315	381.93	20	1.0	0.0	1.0	0.0	0.0
SIN	DEC_COGEN_GAS	1528.1	98.22449611	1024.32	20	1.0	0.0	1.0	0.0	0.0
SIN	DEC_COGEN_OIL	1416.89	86.93215515	1024.32	20	1.0	0.0	1.0	0.0	0.0
SIN	DEC_ADVCOGEN_GAS	9185.33	171.1804817	2193.45	20	1.0	0.0	1.0	0.0	0.0
SIN	DEC_ADVCOGEN_H2	9185.33	171.1804817	2193.45	20	1.0	0.0	1.0	0.0	0.0
SIN	DEC_BOILER_GAS	190.24	5.708399663	21.09	17	1.0	0.028766044	0.102735872	0.0	Infinity
SIN	DEC_BOILER_WOOD	554.93	19.41754846	21.09	17	1.0	0.0	1.0	0.0	0.0
SIN	DEC_BOILER_OIL	170.86	10.24815058	21.09	17	1.0	0.0	1.0	0.0	0.0
SIN	DEC_SOLAR	757.56	8.405281393	221.22	25	1.0	0.002494417	0.008908633	0.0	Infinity
SIN	DEC_DIRECT_ELEC	43.61	0.190627801	1.47	15	1.0	0.248739539	0.888355495	0.0	Infinity
SIN	DEC_ELEC_COLD	528.88	22.1	164.89	20	1.0	0.0	1.0	0.0	Infinity
SIN	DEC_THHP_GAS_COLD	339.33	9.9	381.93	20	1.0	0.0	1.0	0.0	0.0
SIN	IND_ELEC_COLD	664.97	5.4	174.79	20	0.95	0.0	1.0	0.0	Infinity
SIN	TRAMWAY_TROLLEY	625.0	12.5	0.0	30	0.342465753	0.000318478	0.001137422	0.0	Infinity
SIN	BUS_COACH_DIESEL	0.0	0.0	0.0	15	0.483722222	0.0	1.0	0.0	0.0
SIN	BUS_COACH_HYDIESEL	822.56	33.33333333	0.0	15	0.483722222	0.0	1.0	0.0	0.0
SIN	BUS_COACH_CNG_STOICH	0.0	0.0	0.0	15	0.483722222	0.0	1.0	0.0	0.0
SIN	BUS_COACH_FC_HYBRIDH2	1114.04	31.25	0.0	15	0.483722222	0.0	1.0	0.0	0.0
SIN	TRAIN_PUB	1506.02	54.35274934	0.0	40	0.275072894	0.0	1.0	0.0	0.0
SIN	PLANE_SHORT_HAUL	1456.05	39.82	0.0	35	0.4999	0.0	1.0	0.0	0.0
SIN	PLANE_H2_SHORT_HAUL	1639.69	44.84	0.0	35	0.4999	0.0	1.0	0.0	0.0
SIN	PLANE_LONG_HAUL	1343.77	36.75	0.0	35	0.5374	0.0	1.0	0.0	0.0
SIN	CAR_GASOLINE	0.0	0.0	0.0	10	0.1343125	0.0	1.0	0.0	0.0
SIN	CAR_DIESEL	0.0	0.0	0.0	10	0.1343125	0.0	1.0	0.0	0.0
SIN	CAR_NG	0.0	0.0	0.0	10	0.1343125	0.0	1.0	0.0	0.0
SIN	CAR_METHANOL	0.0	0.0	0.0	10	0.1343125	0.0	1.0	0.0	0.0
SIN	CAR_HEV	423.86	34.0	0.0	10	0.1343125	0.0	1.0	0.0	0.0
SIN	CAR_PHEV	473.46	34.0	0.0	10	0.1343125	0.0	1.0	0.0	0.0
SIN	CAR_BEV	380.3142753	7.606285505	0.0	10	0.1343125	0.001202665	0.004295231	0.0	Infinity
SIN	CAR_FUEL_CELL	1500.1072	14.124	0.0	10	0.1343125	0.0	1.0	0.0	0.0
SIN	TRAIN_FREIGHT	104.42	2.088311688	0.0	40	0.342465753	0.0	1.0	0.0	Infinity
SIN	BOAT_FREIGHT_DIESEL	72.24	3.819444444	0.0	40	0.114155251	0.0	1.0	0.0	Infinity
SIN	BOAT_FREIGHT_NG	73.13	3.819444444	0.0	40	0.114155251	0.0	1.0	0.0	0.0
SIN	BOAT_FREIGHT_METHANOL	0.0	0.0	0.0	40	0.114155251	0.0	1.0	0.0	0.0
SIN	CARGO_LFO	0.0	0.0	0.0	40	0.739666854	0.0	1.0	0.0	0.0
SIN	CARGO_LNG	0.0	0.0	0.0	40	0.739666854	0.0	1.0	0.0	0.0
SIN	CARGO_METHANOL	0.0	0.0	0.0	40	0.739666854	0.0	1.0	0.0	0.0
SIN	CARGO_AMMONIA	0.0	0.0	0.0	40	0.739666854	0.0	1.0	0.0	0.0
SIN	CARGO_FUELCELL_LH2	0.0	0.0	0.0	40	0.739666854	0.0	1.0	0.0	0.0
SIN	CARGO_FUELCELL_AMMONIA	0.0	0.0	0.0	40	0.739666854	0.0	1.0	0.0	0.0
SIN	CARGO_RETRO_METHANOL	0.0	0.0	0.0	40	0.739666854	0.0	1.0	0.0	0.0
SIN	CARGO_RETRO_AMMONIA	0.0	0.0	0.0	40	0.739666854	0.0	1.0	0.0	0.0
SIN	TRUCK_DIESEL	0.0	0.0	0.0	15	0.01805556	0.0	1.0	0.0	0.0
SIN	TRUCK_METHANOL	0.0	0.0	0.0	15	0.01805556	0.0	1.0	0.0	0.0
SIN	TRUCK_FUEL_CELL	430.17	12.06666667	0.0	15	0.01805556	0.0	1.0	0.0	0.0
SIN	TRUCK_ELEC	878.38	23.13333333	0.0	15	0.01805556	0.0	1.0	0.0	0.0
SIN	TRUCK_NG	355.28	18.55555556	0.0	15	0.01805556	0.0	1.0	0.0	0.0
SIN	EFFICIENCY	0.0	0.0	0.0	1	1.0	0.0	1.0	0.0	Infinity
SIN	DHN	825.88	0.0	0.0	60	1.0	0.0	1.0	0.0	0.0
SIN	GRID	810.19	0.0	0.0	80	1.0	0.0	1.0	0.0	Infinity
SIN	HVAC_LINE	2.0	0.04	0.0	40	1.0	0.0	1.0	0.0	Infinity
SIN	HVDC_SUBSEA	3.24	0.06	0.0	40	1.0	0.0	1.0	0.0	Infinity
SIN	GAS_PIPELINE	0.134	0.001	0.0	55	1.0	0.0	1.0	0.0	Infinity
SIN	GAS_SUBSEA	0.208	0.002	0.0	55	1.0	0.0	1.0	0.0	Infinity
SIN	H2_RETROFITTED	0.355973417	0.005	0.0	40	1.0	0.0	1.0	0.0	Infinity
SIN	H2_NEW	0.452	0.005	0.0	40	1.0	0.0	1.0	0.0	Infinity
SIN	H2_SUBSEA_RETRO	0.533066683	0.007	0.0	40	1.0	0.0	1.0	0.0	Infinity
SIN	H2_SUBSEA_NEW	0.726	0.007	0.0	40	1.0	0.0	1.0	0.0	Infinity
SIN	H2_ELECTROLYSIS	2784.81	76.58227848	0.0	15	0.8946	0.0	1.0	0.0	0.0
SIN	H2_NG	775.33	71.54781261	0.0	25	0.85484	0.0	1.0	0.0	0.0
SIN	H2_BIOMASS	4798.23	338.0304591	0.0	25	0.85484	0.0	1.0	0.0	0.0
SIN	BIOMASS_TO_METHANE	3082.8512	173.8128468	0.0	25	0.85	0.0	1.0	0.0	0.0
SIN	BIOWASTE_TO_METHANE	3082.8512	173.8128468	0.0	25	0.85	0.0	1.0	0.0	0.0
SIN	SYN_METHANATION	349.6	89.32368421	0.0	40	1.0	0.0	1.0	0.0	0.0
SIN	BIOMETHANATION_WET_BIOMASS	1122.22	15.54545455	0.0	20	0.8449	0.0	1.0	0.0	0.0
SIN	BIOMETHANATION_BIOWASTE	1122.22	15.54545455	0.0	20	0.8449	0.0	1.0	0.0	0.0
SIN	BIOMASS_TO_JET_FUEL	6046.9153	166.9735	0.0	25	0.91	0.0	1.0	0.0	0.0
SIN	BIOMASS_TO_LFO	6046.9153	166.9735	0.0	25	0.91	0.0	1.0	0.0	0.0
SIN	BIOWASTE_TO_JET_FUEL	6046.9153	250.46025	0.0	25	0.91	0.0	1.0	0.0	0.0
SIN	BIOWASTE_TO_LFO	6046.9153	250.46025	0.0	25	0.91	0.0	1.0	0.0	0.0
SIN	DIESEL_TO_JET_FUEL	0.0	0.0	0.0	25	1.0	0.0	1.0	0.0	0.0
SIN	ATM_CCS	5342.73	132.624	0.0	40	1.0	0.0	1.0	0.0	0.0
SIN	INDUSTRY_CCS	2671.37	66.312	0.0	40	1.0	0.0	1.0	0.0	0.0
SIN	SYN_METHANOLATION	0.0	0.0	0.0	20	0.9443	0.0	1.0	0.0	0.0
SIN	METHANE_TO_METHANOL	0.0	0.0	0.0	25	0.8449	0.0	1.0	0.0	0.0
SIN	BIOMASS_TO_METHANOL	0.0	0.0	0.0	20	0.994	0.0	1.0	0.0	0.0
SIN	BIOWASTE_TO_METHANOL	0.0	94.248	0.0	20	1.0	0.0	1.0	0.0	0.0
SIN	HABER_BOSCH	0.0	0.0	0.0	20	0.994	0.0	1.0	0.0	0.0
SIN	POWER_TO_JET_FUEL	3804.508764	288.1851693	0.0	25	0.91	0.0	1.0	0.0	0.0
SIN	POWER_TO_LFO	3804.508764	288.1851693	0.0	25	0.91	0.0	1.0	0.0	0.0
SIN	H2_TO_JET_FUEL	2445.720694	149.5353034	0.0	25	0.91	0.0	1.0	0.0	0.0
SIN	H2_TO_LFO	2445.720694	149.5353034	0.0	25	0.91	0.0	1.0	0.0	0.0
SIN	AMMONIA_TO_H2	0.0	0.0	0.0	25	0.994	0.0	1.0	0.0	0.0
SIN	OIL_TO_HVC	449.55	2.390016639	0.0	15	0.994	0.049191654	0.17568448	0.0	Infinity
SIN	GAS_TO_HVC	907.75	22.69375242	0.0	25	0.994	0.230808346	0.82431552	0.0	Infinity
SIN	BIOMASS_TO_HVC	3311.7	98.8	0.0	20	0.994	0.0	1.0	0.0	0.0
SIN	METHANOL_TO_HVC	0.0	0.0	0.0	20	1.0	0.0	1.0	0.0	0.0
SIN	BATT_LI	501.3	0.775025166	61.3	15	1.0	0.0	1.0	0.0	0.0
SIN	CAES	38.938	3.1799	0.0	50	1.0	0.0	1.0	0.0	0.0
SIN	BEV_BATT	0.0	0.0	0.0	1	1.0	0.0	1.0	0.0	Infinity
SIN	PHEV_BATT	0.0	0.0	0.0	1	1.0	0.0	1.0	0.0	0.0
SIN	DAM_STORAGE	0.0	0.0	0.0	100	1.0	0.0	1.0	567.589	567.59
SIN	PHS	58.8	0.0	8.33	50	1.0	0.0	1.0	0.0	0.0
SIN	TS_DEC_DIRECT_ELEC	0.0	0.0	0.0	20	1.0	0.0	1.0	0.0	0.0
SIN	TS_DEC_HP_ELEC	0.0	0.0	0.0	20	1.0	0.0	1.0	0.0	0.0
SIN	TS_DEC_THHP_GAS	0.0	0.0	0.0	20	1.0	0.0	1.0	0.0	0.0
SIN	TS_DEC_COGEN_GAS	0.0	0.0	0.0	20	1.0	0.0	1.0	0.0	0.0
SIN	TS_DEC_COGEN_OIL	0.0	0.0	0.0	20	1.0	0.0	1.0	0.0	0.0
SIN	TS_DEC_ADVCOGEN_GAS	0.0	0.0	0.0	20	1.0	0.0	1.0	0.0	0.0
SIN	TS_DEC_ADVCOGEN_H2	0.0	0.0	0.0	20	1.0	0.0	1.0	0.0	0.0
SIN	TS_DEC_BOILER_GAS	0.0	0.0	0.0	20	1.0	0.0	1.0	0.0	0.0
SIN	TS_DEC_BOILER_WOOD	0.0	0.0	0.0	20	1.0	0.0	1.0	0.0	0.0
SIN	TS_DEC_BOILER_OIL	0.0	0.0	0.0	20	1.0	0.0	1.0	0.0	0.0
SIN	TS_DHN_DAILY	0.0	0.0	0.0	40	1.0	0.0	1.0	0.0	0.0
SIN	TS_DHN_SEASONAL	0.0	0.0	0.0	25	1.0	0.0	1.0	0.0	0.0
SIN	TS_HIGH_TEMP	0.0	0.0	0.0	25	1.0	0.0	1.0	0.0	0.0
SIN	GAS_STORAGE	0.0	0.0	0.0	50	1.0	0.0	1.0	0.0	0.0
SIN	H2_STORAGE	6.19	0.39	0.0	20	1.0	0.0	1.0	0.0	0.0
SIN	DIESEL_STORAGE	0.01	0.000397	0.0	20	1.0	0.0	1.0	1284.64	1284.64
SIN	JET_FUEL_STORAGE	0.01	0.000397	0.0	20	1.0	0.0	1.0	231.8913243	231.8923243
SIN	GASOLINE_STORAGE	0.01	0.000397	0.0	20	1.0	0.0	1.0	1244.25	1244.25
SIN	LFO_STORAGE	0.01	0.000397	0.0	20	1.0	0.0	1.0	0.0	0.0
SIN	AMMONIA_STORAGE	0.0	0.0	0.0	20	1.0	0.0	1.0	0.0	0.0
SIN	METHANOL_STORAGE	0.0	0.0	0.0	20	1.0	0.0	1.0	0.0	0.0
SIN	PT_STORAGE	36.9568	0.3695	0.0	25	1.0	0.0	1.0	0.0	0.0
SIN	ST_STORAGE	19.099	0.1909	0.0	25	1.0	0.0	1.0	0.0	0.0
SIN	TS_COLD	0.0	0.0	0.0	20	1.0	0.0	1.0	0.0	0.0
SIN	CO2_STORAGE	49.5	0.495	0.0	30	1.0	0.0	1.0	0.0	0.0
SIN	STOVE_WOOD	53.65514911	1.60965447	75.0	10	0.1875	0.002537031	0.009060826	0.0	Infinity
SIN	STOVE_LPG	52.20521443	1.33859524	75.0	10	0.1875	0.207759023	0.741996509	0.0	Infinity
SIN	STOVE_NG	70.48592219	1.80733134	75.0	10	0.1875	0.065280666	0.233145234	0.0	Infinity
SIN	STOVE_OIL	17.37818595	0.52134558	75.0	10	0.1875	0.000993511	0.003548253	0.0	Infinity
SIN	STOVE_ELEC	20.60357726	0.51508943	75.0	10	0.1875	0.00342977	0.012249178	0.0	Infinity
SIN	PLANE	1456.05	39.82	0.0	35	0.114155251	0.0	1.0	0.0	Infinity
SIN	FERMENTATION_TO_BIOETHANOL	2554.01	116.0842435	0.0	25	0.92	0.0	1.0	0.026010247	0.026010247
SIN	ESTERIFICATION_TO_BIODIESEL	2554.01	116.0842435	0.0	25	0.8449	0.0	1.0	0.0	0.0
SIN	IND_BOILER_DIESEL	171.6964771	4.29241193	516.55	25	0.9	0.002667031	0.00952511	0.0	Infinity
SIN	IND_BOILER_LPG	70.67	1.415862909	12.32	17	0.9443	0.003123429	0.011155103	0.0	Infinity
SIN	LPG_STORAGE	0.01	0.000397	0.0	20	1.0	0.0	1.0	955.9979906	955.9989906
SIN	LNG_STORAGE	0.01	0.000397	0.0	20	1.0	0.0	1.0	27.07	27.071
SIN	CAR_FG_PRIVATE	315.1175424	18.90705254	0.0	10	0.1343125	0.035288719	0.126031139	0.0	Infinity
SIN	BUS_FG_PRIVATE	220.8150238	11.04075119	0.0	15	0.48372222	0.0	0.0	0.0	0.0
SIN	PICKUP_TRUCK_FG_PRIVATE	543.3648433	32.6018906	0.0	10	0.1343125	0.000593369	0.002119174	0.0	Infinity
SIN	SUV_FG_PRIVATE	478.6379968	28.71827981	0.0	10	0.1343125	0.004681765	0.016720589	0.0	Infinity
SIN	MOTORCYCLE_FG_PRIVATE	43.78260167	2.6269561	0.0	10	0.01989583	0.0	0.0	0.0	0.0
SIN	CAR_FG_PUBLIC	315.1175424	18.90705254	0.0	10	0.1343125	0.0	0.0	0.0	0.0
SIN	BUS_FG_PUBLIC	220.8150238	11.04075119	0.0	15	0.48372222	0.01763198	0.062971356	0.0	Infinity
SIN	PICKUP_TRUCK_FG_PUBLIC	543.3648433	32.6018906	0.0	10	0.1343125	0.0	0.0	0.0	0.0
SIN	SUV_FG_PUBLIC	478.6379968	28.71827981	0.0	10	0.1343125	0.0	0.0	0.0	0.0
SIN	MOTORCYCLE_FG_PUBLIC	43.78260167	2.6269561	0.0	10	0.01989583	0.0	0.0	0.0	0.0
SIN	CAR_GASOLINE_PRIVATE	301.4908378	18.08945027	0.0	10	0.1343125	0.13735846	0.490565929	0.0	Infinity
SIN	BUS_GASOLINE_PRIVATE	209.8512498	10.49256249	0.0	15	0.48372222	0.0	0.0	0.0	0.0
SIN	PICKUP_TRUCK_GASOLINE_PRIVATE	529.7381388	31.78428833	0.0	10	0.1343125	0.009740391	0.034787112	0.0	Infinity
SIN	SUV_GASOLINE_PRIVATE	465.0112923	27.90067754	0.0	10	0.1343125	0.040525796	0.144734987	0.0	Infinity
SIN	MOTORCYCLE_GASOLINE_PRIVATE	26.61295396	1.59677724	0.0	10	0.01989583	0.037927048	0.135453743	0.0	Infinity
SIN	CAR_GASOLINE_PUBLIC	301.4908378	18.08945027	0.0	10	0.1343125	0.0	0.0	0.0	0.0
SIN	BUS_GASOLINE_PUBLIC	209.8512498	10.49256249	0.0	15	0.48372222	0.201667267	0.720240238	0.0	Infinity
SIN	PICKUP_TRUCK_GASOLINE_PUBLIC	529.7381388	31.78428833	0.0	10	0.1343125	0.0	0.0	0.0	0.0
SIN	SUV_GASOLINE_PUBLIC	465.0112923	27.90067754	0.0	10	0.1343125	0.0	0.0	0.0	0.0
SIN	MOTORCYCLE_GASOLINE_PUBLIC	26.61295396	1.59677724	0.0	10	0.01989583	0.0	0.0	0.0	0.0
SIN	CAR_DIESEL_PRIVATE	301.4908378	18.08945027	0.0	10	0.1343125	0.006898032	0.024635827	0.0	Infinity
SIN	BUS_DIESEL_PRIVATE	209.8512498	10.49256249	0.0	15	0.48372222	0.0	0.0	0.0	0.0
SIN	PICKUP_TRUCK_DIESEL_PRIVATE	529.7381388	31.78428833	0.0	10	0.1343125	0.003850456	0.013751629	0.0	Infinity
SIN	SUV_DIESEL_PRIVATE	465.0112923	27.90067754	0.0	10	0.1343125	0.001933299	0.006904641	0.0	Infinity
SIN	MOTORCYCLE_DIESEL_PRIVATE	26.61295396	1.59677724	0.0	10	0.01989583	0.0	0.0	0.0	0.0
SIN	CAR_DIESEL_PUBLIC	301.4908378	18.08945027	0.0	10	0.1343125	0.0	0.0	0.0	0.0
SIN	BUS_DIESEL_PUBLIC	209.8512498	10.49256249	0.0	15	0.48372222	0.060382276	0.215650984	0.0	Infinity
SIN	PICKUP_TRUCK_DIESEL_PUBLIC	529.7381388	31.78428833	0.0	10	0.1343125	0.0	0.0	0.0	0.0
SIN	SUV_DIESEL_PUBLIC	465.0112923	27.90067754	0.0	10	0.1343125	0.0	0.0	0.0	0.0
SIN	MOTORCYCLE_DIESEL_PUBLIC	26.61295396	1.59677724	0.0	10	0.01989583	0.0	0.0	0.0	0.0
SIN	TRUCK_FG	250.4310952	12.52155476	0.0	15	0.01805556	0.005540582	0.019787793	0.0	Infinity
SIN	VAN_FG	532.9439084	31.9766345	0.0	10	0.0203125	0.017204664	0.061445228	0.0	Infinity
SIN	CARGO_MOTORCYCLE_FG	85.41899738	5.12513984	0.0	10	0.01075	0.0	0.0	0.0	0.0
SIN	TRUCK_GASOLINE	245.90751	12.2953755	0.0	15	0.01805556	0.059965996	0.214164273	0.0	Infinity
SIN	VAN_GASOLINE	513.3773583	30.8026415	0.0	10	0.0203125	0.147175543	0.525626939	0.0	Infinity
SIN	CARGO_MOTORCYCLE_GASOLINE	51.07970195	3.06478212	0.0	10	0.01075	0.000185316	0.000661843	0.0	Infinity
SIN	TRUCK_DIESEL_P	245.90751	12.2953755	0.0	15	0.01805556	0.214493422	0.766047934	0.0	Infinity
SIN	VAN_DIESEL	513.3773583	30.8026415	0.0	10	0.0203125	0.115434477	0.412265991	0.0	Infinity
SIN	CARGO_MOTORCYCLE_DIESEL	51.07970195	3.06478212	0.0	10	0.01075	0.0	0.0	0.0	0.0
SIN	CONVENTIONAL_BULB	0.1444041	0.0	0.0	5	1.0	0.220602318	0.78786542	0.0	Infinity
SIN	LED_BULB	0.60161002	0.0	0.0	10	1.0	0.059397682	0.21213458	0.0	Infinity
SIN	CONVENTIONAL_LIGHT	1598.242939	1559.087767	0.0	5	1.0	0.0	1.0	0.0	Infinity
SIN	LED_LIGHT	2187.69928	431.5978112	0.0	10	1.0	0.0	1.0	0.0	0.0
SIN	REFRIGERATOR_EL	5.96e-05	0.0	0.0	15	1.0	0.0	1.0	0.0	Infinity
SIN	COMM_MACHINERY_DIESEL	0.08519203	0.00127788	0.0	25	1.0	0.212097626	0.75749152	0.0	Infinity
SIN	COMM_MACHINERY_EL	0.06278883	0.00094183	0.0	12	1.0	0.067902374	0.24250848	0.0	Infinity
SIN	IND_MACHINERY_EL	0.06278883	0.00094183	0.0	17	1.0	0.0	1.0	0.0	Infinity
SIN	TRACTOR_DIESEL	0.321277296	0.01606386	0.0	15	1.0	0.0	1.0	0.0	Infinity
SIN	AGR_MACHINERY_DIESEL	0.14693009	0.00220395	0.0	25	1.0	0.145368845	0.519174448	0.0	Infinity
SIN	AGR_MACHINERY_EL	0.19650578	0.00294759	0.0	12	1.0	0.134631155	0.480825552	0.0	Infinity
SIN	MIN_MACHINERY_DIESEL	0.08519203	0.00127788	0.0	25	1.0	0.165687484	0.591741013	0.0	Infinity
SIN	MIN_MACHINERY_EL	0.06278883	0.00094183	0.0	17	1.0	0.114312516	0.408258987	0.0	Infinity
SIN	FISH_MACHINERY_DIESEL	0.08519203	0.00127788	0.0	25	1.0	0.117482112	0.419578973	0.0	Infinity
SIN	FISH_MACHINERY_EL	0.06278883	0.00094183	0.0	12	1.0	0.162517888	0.580421027	0.0	Infinity
SIN	TRACTOR_EL	1.34690901	0.06734545	0.0	15	1.0	0.0	1.0	0.0	0.0
SIN	BUS_ELEC_PUBLIC	438.779886	8.77559772	0.0	15	0.48372222	0.0	1.0	0.0	0.0
SIN	BUS_ELEC_PRIVATE	438.779886	8.77559772	0.0	15	0.48372222	0.0	1.0	0.0	0.0
SIN	PICKUP_TRUCK_ELEC_PUBLIC	0.0	0.0	0.0	10	0.0	0.0	1.0	0.0	0.0
SIN	PICKUP_TRUCK_ELEC_PRIVATE	0.0	0.0	0.0	10	0.0	0.0	1.0	0.0	0.0
SIN	SUV_ELEC_PUBLIC	613.66	10.0	0.0	10	0.1343125	0.0	1.0	0.0	0.0
SIN	SUV_ELEC_PRIVATE	613.66	10.0	0.0	10	0.1343125	0.0	1.0	0.0	0.0
SIN	MOTORCYCLE_ELEC_PUBLIC	64.48039933	1.28960799	0.0	10	0.01989583	0.0	1.0	0.0	0.0
SIN	MOTORCYCLE_ELEC_PRIVATE	64.48039933	1.28960799	0.0	10	0.01989583	0.0	1.0	0.0	0.0
SIN	VAN_ELEC	0.0	0.0	0.0	10	0.0	0.0	1.0	0.0	0.0
SIN	CARGO_MOTORCYCLE_ELEC	229.6440382	4.59288076	0.0	10	0.0203125	0.0	1.0	0.0	0.0
SIN	TRAIN_FREIGHT_ELEC	104.42	2.088311688	0.0	40	0.342465753	0.0	1.0	0.0	0.0
SIN	BOAT_FREIGHT_ELEC	216.72	0.381944444	0.0	40	0.114155251	0.0	1.0	0.0	0.0
SIN	FUEL_CELL	984.64	29.5392	0.0	20	1.0	0.0	1.0	0.0	0.0
SIN	ETHANOL_TO_FUELS	947.1675259	38.4949953	0.0	25	0.95	0.0	1.0	0.0	0.0
SIN	BIO_HYDROLYSIS	1811.76	123.526815	0.0	15	0.8449	0.0	1.0	0.0	0.0
SIN	PYROLYSIS_TO_FUELS	2593.5	72.2	0.0	25	0.8449	0.0	1.0	0.0	0.0
SIN	PYROLYSIS_TO_LFO	2554.01	116.0842435	0.0	25	0.8449	0.0	1.0	0.0	0.0
SIN	FB_ST_BIOMASS	2192.345897	43.84691793	165.33	30	0.409994599	0.0	1.0	0.0	0.0
SIN	CFB_ST_BIOMASS	1865.171828	37.30343656	165.33	30	0.409994599	0.0	1.0	0.0	0.0
SIN	BFB_ST_BIOMASS	1865.171828	37.30343656	165.33	30	0.409994599	0.0	1.0	0.0	0.0
SIN	REGASIFICATION	2895.92	57.91836098	0.0	25	1.0	0.0	1.0	0.010087958	0.010088958
SIN	LIQUEFACTION	1075.899182	21.51798364	0.0	25	1.0	0.0	1.0	0.0	0.0
SIN	DIESEL_PIPELINE	0.134	0.001	0.0	55	1.0	0.0	1.0	0.0	Infinity
SIN	GASOLINE_PIPELINE	0.134	0.001	0.0	55	1.0	0.0	1.0	0.0	Infinity
SIN	LPG_PIPELINE	0.134	0.001	0.0	55	1.0	0.0	1.0	0.0	Infinity
SIN	LFO_PIPELINE	0.134	0.001	0.0	55	1.0	0.0	1.0	0.0	Infinity
SIN	JET_FUEL_PIPELINE	0.134	0.001	0.0	55	1.0	0.0	1.0	0.0	Infinity
SIN	SUV_ELEC_PRIVATE_BATT	0.0	0.0	0.0	1	1.0	0.0	1.0	0.0	0.0
SIN	MOTORCYCLE_ELEC_PRIVATE_BATT	0.0	0.0	0.0	1	1.0	0.0	1.0	0.0	0.0
SIN	BUS_ELEC_PUBLIC_BATT	0.0	0.0	0.0	1	1.0	0.0	1.0	0.0	0.0
;
